1 3491.
2 3455.
3 3451.
4 3475.
5 3516.
6 3560.
7 3595.
8 3609.
9 3596.
10 3560.
11 3508.
12 3455.
13 3420.
14 3423.
15 3479.
16 3598.
17 3772.
18 3985.
19 4211.
20 4430.
21 4623.
22 4779.
23 4892.
24 4959.
25 4979.
26 4961.
27 4912.
28 4840.
29 4749.
30 4640.
31 4514.
32 4376.
33 4238.
34 4120.
35 4045.
36 4027.
37 4060.
38 4118.
39 4168.
40 4179.
41 4136.
42 4038.
43 3895.
44 3726.
45 3554.
46 3401.
47 3288.
48 3227.
49 3225.
50 3279.
51 3380.
52 3510.
53 3654.
54 3795.
55 3918.
56 4012.
57 4071.
58 4090.
59 4068.
60 4012.
61 3931.
62 3843.
63 3767.
64 3721.
65 3718.
66 3763.
67 3851.
68 3972.
69 4112.
70 4251.
71 4370.
72 4452.
73 4490.
74 4485.
75 4444.
76 4379.
77 4296.
78 4200.
79 4095.
80 3986.
81 3884.
82 3801.
83 3750.
84 3739.
85 3766.
86 3824.
87 3900.
88 3980.
89 4050.
90 4104.
91 4142.
92 4171.
93 4202.
94 4244.
95 4296.
96 4348.
97 4385.
98 4393.
99 4362.
100 4293.
101 4191.
102 4068.
103 3938.
104 3817.
105 3720.
106 3657.
107 3633.
108 3644.
109 3679.
110 3723.
111 3764.
112 3796.
113 3820.
114 3843.
115 3873.
116 3916.
117 3972.
118 4036.
119 4098.
120 4151.
121 4190.
122 4215.
123 4227.
124 4222.
125 4196.
126 4141.
127 4052.
128 3932.
129 3790.
130 3649.
131 3530.
132 3455.
133 3435.
134 3476.
135 3572.
136 3712.
137 3882.
138 4063.
139 4237.
140 4386.
141 4492.
142 4544.
143 4540.
144 4481.
145 4381.
146 4254.
147 4117.
148 3982.
149 3858.
150 3751.
151 3665.
152 3606.
153 3580.
154 3592.
155 3641.
156 3725.
157 3835.
158 3959.
159 4084.
160 4198.
161 4293.
162 4364.
163 4412.
164 4436.
165 4437.
166 4414.
167 4365.
168 4285.
169 4176.
170 4044.
171 3903.
172 3771.
173 3665.
174 3599.
175 3572.
176 3582.
177 3619.
178 3677.
179 3747.
180 3824.
181 3900.
182 3972.
183 4039.
184 4105.
185 4177.
186 4254.
187 4333.
188 4406.
189 4464.
190 4499.
191 4503.
192 4478.
193 4426.
194 4357.
195 4279.
196 4198.
197 4116.
198 4032.
199 3944.
200 3851.
201 3758.
202 3671.
203 3599.
204 3553.
205 3541.
206 3566.
207 3623.
208 3700.
209 3780.
210 3846.
211 3887.
212 3901.
213 3891.
214 3867.
215 3843.
216 3828.
217 3832.
218 3861.
219 3915.
220 3988.
221 4071.
222 4152.
223 4218.
224 4262.
225 4279.
226 4274.
227 4254.
228 4227.
229 4200.
230 4176.
231 4152.
232 4124.
233 4088.
234 4044.
235 3994.
236 3940.
237 3885.
238 3831.
239 3776.
240 3720.
241 3664.
242 3615.
243 3580.
244 3567.
245 3579.
246 3615.
247 3669.
248 3734.
249 3803.
250 3872.
251 3946.
252 4029.
253 4129.
254 4243.
255 4365.
256 4480.
257 4574.
258 4640.
259 4679.
260 4690.
261 4671.
262 4620.
263 4539.
264 4441.
265 4347.
266 4279.
267 4250.
268 4255.
269 4277.
270 4290.
271 4273.
272 4214.
273 4112.
274 3982.
275 3842.
276 3712.
277 3603.
278 3518.
279 3449.
280 3389.
281 3335.
282 3290.
283 3260.
284 3254.
285 3277.
286 3329.
287 3407.
288 3505.
289 3615.
290 3729.
291 3836.
292 3925.
293 3982.
294 4001.
295 3978.
296 3920.
297 3842.
298 3764.
299 3708.
300 3694.
301 3730.
302 3817.
303 3946.
304 4109.
305 4296.
306 4497.
307 4699.
308 4881.
309 5019.
310 5086.
311 5068.
312 4962.
313 4783.
314 4559.
315 4322.
316 4101.
317 3916.
318 3780.
319 3703.
320 3694.
321 3760.
322 3900.
323 4106.
324 4354.
325 4612.
326 4840.
327 5001.
328 5069.
329 5032.
330 4893.
331 4669.
332 4380.
333 4054.
334 3718.
335 3397.
336 3111.
337 2878.
338 2705.
339 2595.
340 2543.
341 2544.
342 2590.
343 2675.
344 2796.
345 2946.
346 3120.
347 3310.
348 3509.
349 3705.
350 3886.
351 4039.
352 4151.
353 4215.
354 4228.
355 4196.
356 4133.
357 4059.
358 3995.
359 3962.
360 3977.
361 4051.
362 4181.
363 4355.
364 4549.
365 4732.
366 4878.
367 4967.
368 4992.
369 4960.
370 4889.
371 4797.
372 4695.
373 4582.
374 4448.
375 4286.
376 4101.
377 3908.
378 3730.
379 3594.
380 3527.
381 3543.
382 3647.
383 3823.
384 4049.
385 4291.
386 4516.
387 4696.
388 4807.
389 4832.
390 4766.
391 4616.
392 4404.
393 4162.
394 3927.
395 3729.
396 3588.
397 3509.
398 3487.
399 3508.
400 3555.
401 3611.
402 3662.
403 3695.
404 3701.
405 3675.
406 3618.
407 3535.
408 3439.
409 3344.
410 3270.
411 3231.
412 3237.
413 3291.
414 3389.
415 3522.
416 3680.
417 3854.
418 4033.
419 4207.
420 4361.
421 4486.
422 4572.
423 4616.
424 4618.
425 4586.
426 4527.
427 4448.
428 4357.
429 4258.
430 4160.
431 4072.
432 4005.
433 3968.
434 3962.
435 3984.
436 4024.
437 4066.
438 4100.
439 4116.
440 4109.
441 4076.
442 4022.
443 3954.
444 3885.
445 3826.
446 3783.
447 3755.
448 3738.
449 3727.
450 3721.
451 3723.
452 3734.
453 3754.
454 3780.
455 3806.
456 3825.
457 3835.
458 3839.
459 3841.
460 3852.
461 3878.
462 3924.
463 3990.
464 4069.
465 4151.
466 4225.
467 4287.
468 4336.
469 4376.
470 4411.
471 4444.
472 4473.
473 4489.
474 4483.
475 4449.
476 4386.
477 4301.
478 4205.
479 4112.
480 4033.
481 3976.
482 3946.
483 3940.
484 3947.
485 3957.
486 3962.
487 3962.
488 3963.
489 3973.
490 3997.
491 4036.
492 4089.
493 4149.
494 4209.
495 4261.
496 4296.
497 4308.
498 4289.
499 4235.
500 4146.
501 4027.
502 3886.
503 3735.
504 3586.
505 3447.
506 3328.
507 3235.
508 3174.
509 3152.
510 3171.
511 3230.
512 3325.
513 3448.
514 3588.
515 3735.
516 3881.
517 4018.
518 4141.
519 4245.
520 4327.
521 4385.
522 4422.
523 4443.
524 4452.
525 4453.
526 4446.
527 4427.
528 4394.
529 4347.
530 4292.
531 4234.
532 4182.
533 4137.
534 4091.
535 4031.
536 3947.
537 3840.
538 3720.
539 3610.
540 3531.
541 3499.
542 3522.
543 3594.
544 3700.
545 3817.
546 3924.
547 4004.
548 4050.
549 4064.
550 4054.
551 4032.
552 4008.
553 3988.
554 3977.
555 3975.
556 3978.
557 3979.
558 3967.
559 3937.
560 3888.
561 3832.
562 3788.
563 3776.
564 3809.
565 3892.
566 4020.
567 4179.
568 4352.
569 4514.
570 4638.
571 4701.
572 4694.
573 4625.
574 4525.
575 4430.
576 4377.
577 4380.
578 4434.
579 4514.
580 4590.
581 4634.
582 4630.
583 4574.
584 4474.
585 4339.
586 4184.
587 4020.
588 3857.
589 3703.
590 3563.
591 3440.
592 3339.
593 3262.
594 3214.
595 3197.
596 3212.
597 3255.
598 3317.
599 3386.
600 3454.
601 3519.
602 3579.
603 3635.
604 3687.
605 3730.
606 3764.
607 3784.
608 3792.
609 3793.
610 3793.
611 3798.
612 3815.
613 3848.
614 3903.
615 3985.
616 4088.
617 4206.
618 4321.
619 4422.
620 4495.
621 4536.
622 4540.
623 4509.
624 4450.
625 4378.
626 4310.
627 4262.
628 4242.
629 4240.
630 4240.
631 4222.
632 4172.
633 4092.
634 3994.
635 3894.
636 3812.
637 3758.
638 3736.
639 3745.
640 3784.
641 3848.
642 3934.
643 4034.
644 4140.
645 4243.
646 4332.
647 4395.
648 4420.
649 4397.
650 4323.
651 4203.
652 4049.
653 3881.
654 3719.
655 3581.
656 3482.
657 3427.
658 3416.
659 3442.
660 3497.
661 3571.
662 3657.
663 3753.
664 3859.
665 3979.
666 4115.
667 4258.
668 4392.
669 4496.
670 4551.
671 4546.
672 4484.
673 4377.
674 4245.
675 4108.
676 3984.
677 3885.
678 3818.
679 3782.
680 3772.
681 3781.
682 3802.
683 3830.
684 3863.
685 3902.
686 3948.
687 4003.
688 4069.
689 4145.
690 4232.
691 4327.
692 4427.
693 4523.
694 4604.
695 4656.
696 4666.
697 4626.
698 4535.
699 4401.
700 4237.
701 4057.
702 3877.
703 3707.
704 3557.
705 3432.
706 3336.
707 3270.
708 3235.
709 3231.
710 3255.
711 3303.
712 3370.
713 3448.
714 3529.
715 3600.
716 3653.
717 3681.
718 3681.
719 3658.
720 3621.
721 3580.
722 3549.
723 3536.
724 3548.
725 3589.
726 3660.
727 3770.
728 3924.
729 4130.
730 4385.
731 4675.
732 4977.
733 5254.
734 5469.
735 5586.
736 5586.
737 5467.
738 5246.
739 4958.
740 4642.
741 4337.
742 4072.
743 3865.
744 3723.
745 3644.
746 3623.
747 3648.
748 3707.
749 3782.
750 3857.
751 3918.
752 3954.
753 3961.
754 3940.
755 3896.
756 3838.
757 3773.
758 3707.
759 3647.
760 3601.
761 3575.
762 3575.
763 3601.
764 3648.
765 3708.
766 3769.
767 3821.
768 3856.
769 3873.
770 3873.
771 3862.
772 3846.
773 3834.
774 3834.
775 3855.
776 3902.
777 3981.
778 4091.
779 4225.
780 4370.
781 4508.
782 4618.
783 4680.
784 4675.
785 4597.
786 4450.
787 4251.
788 4027.
789 3814.
790 3650.
791 3561.
792 3558.
793 3632.
794 3756.
795 3895.
796 4015.
797 4090.
798 4108.
799 4065.
800 3971.
801 3844.
802 3713.
803 3605.
804 3545.
805 3547.
806 3612.
807 3725.
808 3869.
809 4023.
810 4171.
811 4295.
812 4383.
813 4429.
814 4430.
815 4389.
816 4311.
817 4207.
818 4087.
819 3963.
820 3847.
821 3751.
822 3684.
823 3652.
824 3654.
825 3690.
826 3754.
827 3841.
828 3943.
829 4050.
830 4149.
831 4225.
832 4265.
833 4260.
834 4212.
835 4134.
836 4045.
837 3960.
838 3883.
839 3812.
840 3743.
841 3678.
842 3624.
843 3588.
844 3582.
845 3612.
846 3688.
847 3815.
848 3995.
849 4218.
850 4461.
851 4691.
852 4877.
853 4995.
854 5038.
855 5006.
856 4911.
857 4770.
858 4601.
859 4423.
860 4252.
861 4101.
862 3974.
863 3872.
864 3791.
865 3726.
866 3675.
867 3637.
868 3613.
869 3603.
870 3604.
871 3611.
872 3616.
873 3617.
874 3612.
875 3607.
876 3608.
877 3624.
878 3656.
879 3703.
880 3762.
881 3828.
882 3897.
883 3965.
884 4025.
885 4071.
886 4096.
887 4092.
888 4058.
889 3998.
890 3921.
891 3838.
892 3763.
893 3709.
894 3687.
895 3703.
896 3761.
897 3856.
898 3976.
899 4101.
900 4210.
901 4287.
902 4327.
903 4334.
904 4322.
905 4305.
906 4291.
907 4284.
908 4279.
909 4267.
910 4242.
911 4201.
912 4146.
913 4084.
914 4025.
915 3979.
916 3955.
917 3960.
918 3991.
919 4037.
920 4083.
921 4110.
922 4101.
923 4048.
924 3953.
925 3826.
926 3688.
927 3563.
928 3475.
929 3441.
930 3470.
931 3560.
932 3699.
933 3870.
934 4047.
935 4205.
936 4321.
937 4382.
938 4389.
939 4354.
940 4295.
941 4235.
942 4192.
943 4175.
944 4186.
945 4220.
946 4266.
947 4313.
948 4349.
949 4367.
950 4357.
951 4315.
952 4237.
953 4122.
954 3978.
955 3816.
956 3652.
957 3501.
958 3379.
959 3296.
960 3261.
961 3279.
962 3351.
963 3472.
964 3630.
965 3810.
966 3990.
967 4153.
968 4283.
969 4375.
970 4428.
971 4452.
972 4456.
973 4448.
974 4431.
975 4401.
976 4353.
977 4277.
978 4173.
979 4044.
980 3903.
981 3766.
982 3651.
983 3570.
984 3530.
985 3531.
986 3572.
987 3649.
988 3752.
989 3872.
990 3995.
991 4109.
992 4209.
993 4289.
994 4351.
995 4395.
996 4423.
997 4438.
998 4441.
999 4432.
1000 4407.
1001 4360.
1002 4283.
1003 4174.
1004 4034.
1005 3872.
1006 3704.
1007 3548.
1008 3421.
1009 3337.
1010 3299.
1011 3306.
1012 3345.
1013 3403.
1014 3465.
1015 3524.
1016 3577.
1017 3629.
1018 3686.
1019 3754.
1020 3834.
1021 3923.
1022 4015.
1023 4102.
1024 4175.
1025 4228.
1026 4258.
1027 4269.
1028 4264.
1029 4253.
1030 4241.
1031 4239.
1032 4256.
1033 4301.
1034 4378.
1035 4479.
1036 4590.
1037 4687.
1038 4752.
1039 4769.
1040 4736.
1041 4658.
1042 4549.
1043 4424.
1044 4299.
1045 4187.
1046 4097.
1047 4029.
1048 3979.
1049 3936.
1050 3889.
1051 3833.
1052 3769.
1053 3700.
1054 3634.
1055 3579.
1056 3538.
1057 3515.
1058 3509.
1059 3517.
1060 3533.
1061 3555.
1062 3579.
1063 3605.
1064 3636.
1065 3676.
1066 3729.
1067 3797.
1068 3878.
1069 3970.
1070 4066.
1071 4162.
1072 4251.
1073 4323.
1074 4367.
1075 4375.
1076 4341.
1077 4264.
1078 4156.
1079 4031.
1080 3909.
1081 3806.
1082 3731.
1083 3689.
1084 3684.
1085 3721.
1086 3801.
1087 3917.
1088 4052.
1089 4185.
1090 4296.
1091 4369.
1092 4395.
1093 4372.
1094 4300.
1095 4185.
1096 4041.
1097 3885.
1098 3742.
1099 3637.
1100 3588.
1101 3603.
1102 3676.
1103 3785.
1104 3906.
1105 4011.
1106 4083.
1107 4112.
1108 4097.
1109 4045.
1110 3966.
1111 3873.
1112 3781.
1113 3708.
1114 3668.
1115 3672.
1116 3722.
1117 3812.
1118 3928.
1119 4051.
1120 4168.
1121 4271.
1122 4360.
1123 4439.
1124 4512.
1125 4579.
1126 4634.
1127 4666.
1128 4665.
1129 4618.
1130 4519.
1131 4370.
1132 4180.
1133 3963.
1134 3741.
1135 3535.
1136 3366.
1137 3248.
1138 3192.
1139 3203.
1140 3278.
1141 3409.
1142 3580.
1143 3772.
1144 3965.
1145 4141.
1146 4288.
1147 4399.
1148 4474.
1149 4521.
1150 4551.
1151 4578.
1152 4606.
1153 4632.
1154 4639.
1155 4610.
1156 4534.
1157 4414.
1158 4266.
1159 4112.
1160 3977.
1161 3876.
1162 3811.
1163 3776.
1164 3756.
1165 3739.
1166 3716.
1167 3686.
1168 3652.
1169 3620.
1170 3595.
1171 3583.
1172 3585.
1173 3603.
1174 3634.
1175 3673.
1176 3716.
1177 3762.
1178 3811.
1179 3868.
1180 3936.
1181 4012.
1182 4088.
1183 4151.
1184 4189.
1185 4190.
1186 4150.
1187 4072.
1188 3967.
1189 3852.
1190 3748.
1191 3674.
1192 3645.
1193 3663.
1194 3722.
1195 3802.
1196 3880.
1197 3938.
1198 3970.
1199 3984.
1200 3995.
1201 4012.
1202 4038.
1203 4070.
1204 4099.
1205 4124.
1206 4144.
1207 4163.
1208 4184.
1209 4206.
1210 4224.
1211 4231.
1212 4221.
1213 4191.
1214 4146.
1215 4095.
1216 4046.
1217 4008.
1218 3980.
1219 3959.
1220 3940.
1221 3923.
1222 3913.
1223 3920.
1224 3950.
1225 4009.
1226 4092.
1227 4188.
1228 4283.
1229 4362.
1230 4416.
1231 4439.
1232 4429.
1233 4384.
1234 4307.
1235 4201.
1236 4073.
1237 3934.
1238 3797.
1239 3676.
1240 3585.
1241 3534.
1242 3536.
1243 3595.
1244 3712.
1245 3878.
1246 4079.
1247 4292.
1248 4492.
1249 4651.
1250 4748.
1251 4763.
1252 4692.
1253 4540.
1254 4331.
1255 4100.
1256 3887.
1257 3723.
1258 3624.
1259 3587.
1260 3595.
1261 3626.
1262 3660.
1263 3686.
1264 3698.
1265 3702.
1266 3704.
1267 3714.
1268 3742.
1269 3792.
1270 3860.
1271 3937.
1272 4009.
1273 4063.
1274 4093.
1275 4101.
1276 4092.
1277 4078.
1278 4064.
1279 4055.
1280 4047.
1281 4036.
1282 4015.
1283 3976.
1284 3916.
1285 3835.
1286 3738.
1287 3632.
1288 3528.
1289 3437.
1290 3368.
1291 3331.
1292 3331.
1293 3371.
1294 3451.
1295 3569.
1296 3715.
1297 3880.
1298 4048.
1299 4203.
1300 4331.
1301 4427.
1302 4491.
1303 4531.
1304 4561.
1305 4593.
1306 4630.
1307 4670.
1308 4701.
1309 4709.
1310 4682.
1311 4615.
1312 4509.
1313 4377.
1314 4233.
1315 4091.
1316 3961.
1317 3848.
1318 3752.
1319 3673.
1320 3613.
1321 3573.
1322 3557.
1323 3568.
1324 3607.
1325 3669.
1326 3747.
1327 3826.
1328 3897.
1329 3953.
1330 3997.
1331 4032.
1332 4064.
1333 4095.
1334 4126.
1335 4158.
1336 4190.
1337 4219.
1338 4243.
1339 4256.
1340 4254.
1341 4232.
1342 4188.
1343 4124.
1344 4046.
1345 3962.
1346 3888.
1347 3837.
1348 3824.
1349 3857.
1350 3935.
1351 4047.
1352 4172.
1353 4291.
1354 4386.
1355 4447.
1356 4472.
1357 4464.
1358 4426.
1359 4365.
1360 4285.
1361 4193.
1362 4096.
1363 4001.
1364 3911.
1365 3828.
1366 3754.
1367 3689.
1368 3635.
1369 3591.
1370 3557.
1371 3533.
1372 3518.
1373 3512.
1374 3516.
1375 3525.
1376 3536.
1377 3538.
1378 3526.
1379 3493.
1380 3440.
1381 3375.
1382 3309.
1383 3260.
1384 3245.
1385 3275.
1386 3357.
1387 3492.
1388 3671.
1389 3881.
1390 4103.
1391 4317.
1392 4503.
1393 4645.
1394 4737.
1395 4783.
1396 4795.
1397 4789.
1398 4775.
1399 4761.
1400 4747.
1401 4733.
1402 4717.
1403 4698.
1404 4671.
1405 4627.
1406 4558.
1407 4459.
1408 4331.
1409 4183.
1410 4030.
1411 3887.
1412 3764.
1413 3669.
1414 3602.
1415 3563.
1416 3548.
1417 3553.
1418 3570.
1419 3595.
1420 3621.
1421 3645.
1422 3670.
1423 3699.
1424 3740.
1425 3799.
1426 3883.
1427 3991.
1428 4114.
1429 4234.
1430 4332.
1431 4388.
1432 4388.
1433 4333.
1434 4233.
1435 4110.
1436 3987.
1437 3885.
1438 3815.
1439 3779.
1440 3775.
1441 3798.
1442 3845.
1443 3915.
1444 4008.
1445 4120.
1446 4241.
1447 4354.
1448 4440.
1449 4478.
1450 4459.
1451 4382.
1452 4256.
1453 4100.
1454 3936.
1455 3789.
1456 3678.
1457 3615.
1458 3602.
1459 3631.
1460 3691.
1461 3766.
1462 3844.
1463 3918.
1464 3985.
1465 4043.
1466 4091.
1467 4124.
1468 4134.
1469 4114.
1470 4057.
1471 3964.
1472 3841.
1473 3702.
1474 3563.
1475 3445.
1476 3366.
1477 3338.
1478 3368.
1479 3456.
1480 3596.
1481 3776.
1482 3981.
1483 4193.
1484 4390.
1485 4551.
1486 4656.
1487 4693.
1488 4658.
1489 4559.
1490 4411.
1491 4235.
1492 4051.
1493 3878.
1494 3728.
1495 3610.
1496 3531.
1497 3492.
1498 3493.
1499 3532.
1500 3604.
1501 3706.
1502 3830.
1503 3969.
1504 4110.
1505 4238.
1506 4338.
1507 4398.
1508 4414.
1509 4392.
1510 4345.
1511 4286.
1512 4226.
1513 4171.
1514 4119.
1515 4071.
1516 4027.
1517 3990.
1518 3962.
1519 3951.
1520 3959.
1521 3988.
1522 4037.
1523 4102.
1524 4173.
1525 4242.
1526 4300.
1527 4344.
1528 4374.
1529 4396.
1530 4410.
1531 4415.
1532 4403.
1533 4367.
1534 4301.
1535 4205.
1536 4086.
1537 3957.
1538 3832.
1539 3725.
1540 3649.
1541 3608.
1542 3602.
1543 3626.
1544 3667.
1545 3711.
1546 3745.
1547 3764.
1548 3765.
1549 3756.
1550 3747.
1551 3753.
1552 3789.
1553 3859.
1554 3959.
1555 4071.
1556 4173.
1557 4247.
1558 4282.
1559 4280.
1560 4250.
1561 4203.
1562 4150.
1563 4093.
1564 4033.
1565 3966.
1566 3888.
1567 3800.
1568 3708.
1569 3620.
1570 3545.
1571 3491.
1572 3464.
1573 3464.
1574 3489.
1575 3534.
1576 3594.
1577 3664.
1578 3741.
1579 3823.
1580 3907.
1581 3991.
1582 4072.
1583 4143.
1584 4199.
1585 4234.
1586 4245.
1587 4229.
1588 4188.
1589 4125.
1590 4046.
1591 3957.
1592 3868.
1593 3793.
1594 3743.
1595 3731.
1596 3766.
1597 3852.
1598 3981.
1599 4137.
1600 4298.
1601 4443.
1602 4559.
1603 4640.
1604 4687.
1605 4705.
1606 4697.
1607 4667.
1608 4618.
1609 4556.
1610 4487.
1611 4418.
1612 4356.
1613 4303.
1614 4255.
1615 4210.
1616 4160.
1617 4102.
1618 4033.
1619 3950.
1620 3855.
1621 3753.
1622 3649.
1623 3556.
1624 3484.
1625 3445.
1626 3445.
1627 3489.
1628 3577.
1629 3706.
1630 3867.
1631 4046.
1632 4226.
1633 4385.
1634 4501.
1635 4555.
1636 4540.
1637 4452.
1638 4299.
1639 4098.
1640 3871.
1641 3644.
1642 3445.
1643 3300.
1644 3226.
1645 3227.
1646 3294.
1647 3412.
1648 3558.
1649 3713.
1650 3863.
1651 3995.
1652 4103.
1653 4182.
1654 4228.
1655 4243.
1656 4228.
1657 4190.
1658 4133.
1659 4062.
1660 3981.
1661 3895.
1662 3814.
1663 3748.
1664 3706.
1665 3695.
1666 3712.
1667 3752.
1668 3802.
1669 3853.
1670 3897.
1671 3933.
1672 3968.
1673 4010.
1674 4072.
1675 4157.
1676 4260.
1677 4366.
1678 4451.
1679 4493.
1680 4478.
1681 4408.
1682 4299.
1683 4176.
1684 4065.
1685 3987.
1686 3950.
1687 3951.
1688 3981.
1689 4026.
1690 4074.
1691 4116.
1692 4145.
1693 4157.
1694 4150.
1695 4120.
1696 4069.
1697 4002.
1698 3925.
1699 3845.
1700 3766.
1701 3691.
1702 3625.
1703 3570.
1704 3533.
1705 3520.
1706 3536.
1707 3583.
1708 3661.
1709 3763.
1710 3880.
1711 3999.
1712 4110.
1713 4202.
1714 4270.
1715 4318.
1716 4355.
1717 4391.
1718 4434.
1719 4484.
1720 4536.
1721 4581.
1722 4608.
1723 4609.
1724 4581.
1725 4524.
1726 4441.
1727 4338.
1728 4224.
1729 4109.
1730 4006.
1731 3924.
1732 3871.
1733 3846.
1734 3845.
1735 3864.
1736 3902.
1737 3958.
1738 4030.
1739 4106.
1740 4171.
1741 4207.
1742 4200.
1743 4143.
1744 4040.
1745 3905.
1746 3756.
1747 3610.
1748 3484.
1749 3386.
1750 3322.
1751 3292.
1752 3293.
1753 3319.
1754 3363.
1755 3421.
1756 3491.
1757 3573.
1758 3668.
1759 3776.
1760 3892.
1761 4006.
1762 4107.
1763 4180.
1764 4210.
1765 4190.
1766 4117.
1767 3995.
1768 3838.
1769 3663.
1770 3499.
1771 3372.
1772 3309.
1773 3328.
1774 3433.
1775 3614.
1776 3852.
1777 4120.
1778 4388.
1779 4627.
1780 4809.
1781 4915.
1782 4934.
1783 4870.
1784 4743.
1785 4584.
1786 4429.
1787 4312.
1788 4250.
1789 4249.
1790 4295.
1791 4362.
1792 4423.
1793 4459.
1794 4461.
1795 4437.
1796 4395.
1797 4346.
1798 4292.
1799 4229.
1800 4153.
1801 4057.
1802 3944.
1803 3816.
1804 3684.
1805 3558.
1806 3447.
1807 3363.
1808 3312.
1809 3298.
1810 3326.
1811 3392.
1812 3493.
1813 3622.
1814 3770.
1815 3930.
1816 4089.
1817 4238.
1818 4366.
1819 4463.
1820 4523.
1821 4542.
1822 4515.
1823 4445.
1824 4333.
1825 4188.
1826 4023.
1827 3851.
1828 3690.
1829 3556.
1830 3460.
1831 3413.
1832 3419.
1833 3484.
1834 3604.
1835 3771.
1836 3965.
1837 4158.
1838 4324.
1839 4439.
1840 4486.
1841 4463.
1842 4378.
1843 4249.
1844 4099.
1845 3954.
1846 3832.
1847 3744.
1848 3694.
1849 3678.
1850 3691.
1851 3727.
1852 3779.
1853 3838.
1854 3892.
1855 3933.
1856 3955.
1857 3960.
1858 3955.
1859 3950.
1860 3955.
1861 3974.
1862 4005.
1863 4044.
1864 4082.
1865 4113.
1866 4130.
1867 4130.
1868 4108.
1869 4066.
1870 4006.
1871 3931.
1872 3850.
1873 3768.
1874 3694.
1875 3636.
1876 3604.
1877 3606.
1878 3650.
1879 3739.
1880 3870.
1881 4034.
1882 4218.
1883 4401.
1884 4562.
1885 4681.
1886 4749.
1887 4769.
1888 4757.
1889 4734.
1890 4711.
1891 4681.
1892 4626.
1893 4524.
1894 4371.
1895 4178.
1896 3968.
1897 3769.
1898 3606.
1899 3495.
1900 3442.
1901 3445.
1902 3492.
1903 3566.
1904 3650.
1905 3728.
1906 3790.
1907 3831.
1908 3853.
1909 3860.
1910 3859.
1911 3860.
1912 3871.
1913 3896.
1914 3935.
1915 3983.
1916 4040.
1917 4104.
1918 4176.
1919 4255.
1920 4331.
1921 4387.
1922 4407.
1923 4379.
1924 4305.
1925 4194.
1926 4061.
1927 3921.
1928 3788.
1929 3666.
1930 3561.
1931 3474.
1932 3410.
1933 3374.
1934 3373.
1935 3408.
1936 3478.
1937 3576.
1938 3691.
1939 3808.
1940 3915.
1941 4002.
1942 4062.
1943 4096.
1944 4109.
1945 4110.
1946 4109.
1947 4118.
1948 4139.
1949 4171.
1950 4206.
1951 4237.
1952 4258.
1953 4265.
1954 4259.
1955 4242.
1956 4213.
1957 4177.
1958 4139.
1959 4107.
1960 4094.
1961 4110.
1962 4165.
1963 4256.
1964 4368.
1965 4481.
1966 4571.
1967 4621.
1968 4624.
1969 4577.
1970 4486.
1971 4355.
1972 4191.
1973 4002.
1974 3796.
1975 3590.
1976 3405.
1977 3266.
1978 3189.
1979 3181.
1980 3230.
1981 3321.
1982 3431.
1983 3543.
1984 3644.
1985 3729.
1986 3797.
1987 3853.
1988 3907.
1989 3968.
1990 4046.
1991 4142.
1992 4246.
1993 4339.
1994 4399.
1995 4411.
1996 4372.
1997 4288.
1998 4176.
1999 4057.
2000 3950.
2001 3870.
2002 3826.
2003 3823.
2004 3862.
2005 3944.
2006 4063.
2007 4213.
2008 4378.
2009 4540.
2010 4676.
2011 4766.
2012 4795.
2013 4758.
2014 4657.
2015 4498.
2016 4296.
2017 4070.
2018 3844.
2019 3643.
2020 3489.
2021 3395.
2022 3365.
2023 3393.
2024 3461.
2025 3553.
2026 3649.
2027 3736.
2028 3805.
2029 3850.
2030 3872.
2031 3875.
2032 3865.
2033 3850.
2034 3836.
2035 3822.
2036 3803.
2037 3771.
2038 3721.
2039 3653.
2040 3580.
2041 3518.
2042 3486.
2043 3504.
2044 3581.
2045 3721.
2046 3913.
2047 4138.
2048 4369.
2049 4574.
2050 4728.
2051 4807.
2052 4803.
2053 4717.
2054 4565.
2055 4371.
2056 4168.
2057 3984.
2058 3844.
2059 3762.
2060 3742.
2061 3779.
2062 3856.
2063 3952.
2064 4047.
2065 4122.
2066 4167.
2067 4178.
2068 4161.
2069 4123.
2070 4078.
2071 4036.
2072 4007.
2073 3992.
2074 3988.
2075 3988.
2076 3988.
2077 3990.
2078 4002.
2079 4038.
2080 4102.
2081 4189.
2082 4278.
2083 4346.
2084 4378.
2085 4368.
2086 4322.
2087 4253.
2088 4175.
2089 4099.
2090 4031.
2091 3970.
2092 3914.
2093 3860.
2094 3806.
2095 3753.
2096 3703.
2097 3665.
2098 3654.
2099 3680.
2100 3744.
2101 3828.
2102 3907.
2103 3958.
2104 3972.
2105 3956.
2106 3921.
2107 3876.
2108 3826.
2109 3774.
2110 3725.
2111 3689.
2112 3676.
2113 3698.
2114 3757.
2115 3853.
2116 3977.
2117 4115.
2118 4251.
2119 4367.
2120 4448.
2121 4481.
2122 4459.
2123 4382.
2124 4260.
2125 4111.
2126 3953.
2127 3807.
2128 3683.
2129 3584.
2130 3509.
2131 3455.
2132 3424.
2133 3420.
2134 3449.
2135 3518.
2136 3629.
2137 3780.
2138 3960.
2139 4150.
2140 4331.
2141 4482.
2142 4592.
2143 4655.
2144 4672.
2145 4644.
2146 4575.
2147 4468.
2148 4335.
2149 4196.
2150 4075.
2151 3993.
2152 3950.
2153 3934.
2154 3925.
2155 3910.
2156 3885.
2157 3849.
2158 3809.
2159 3769.
2160 3731.
2161 3702.
2162 3689.
2163 3701.
2164 3747.
2165 3829.
2166 3938.
2167 4058.
2168 4166.
2169 4248.
2170 4293.
2171 4301.
2172 4280.
2173 4244.
2174 4212.
2175 4192.
2176 4187.
2177 4188.
2178 4182.
2179 4159.
2180 4111.
2181 4043.
2182 3967.
2183 3900.
2184 3855.
2185 3840.
2186 3852.
2187 3879.
2188 3909.
2189 3927.
2190 3927.
2191 3911.
2192 3888.
2193 3871.
2194 3870.
2195 3887.
2196 3921.
2197 3968.
2198 4026.
2199 4088.
2200 4142.
2201 4174.
2202 4173.
2203 4139.
2204 4077.
2205 4000.
2206 3917.
2207 3839.
2208 3774.
2209 3736.
2210 3739.
2211 3793.
2212 3892.
2213 4018.
2214 4145.
2215 4248.
2216 4317.
2217 4350.
2218 4355.
2219 4344.
2220 4325.
2221 4302.
2222 4272.
2223 4228.
2224 4161.
2225 4065.
2226 3940.
2227 3791.
2228 3629.
2229 3468.
2230 3320.
2231 3200.
2232 3119.
2233 3083.
2234 3095.
2235 3154.
2236 3260.
2237 3409.
2238 3598.
2239 3820.
2240 4062.
2241 4305.
2242 4525.
2243 4702.
2244 4820.
2245 4872.
2246 4860.
2247 4794.
2248 4688.
2249 4556.
2250 4410.
2251 4261.
2252 4119.
2253 3992.
2254 3891.
2255 3821.
2256 3783.
2257 3771.
2258 3772.
2259 3772.
2260 3759.
2261 3730.
2262 3689.
2263 3645.
2264 3612.
2265 3605.
2266 3631.
2267 3696.
2268 3801.
2269 3942.
2270 4109.
2271 4289.
2272 4465.
2273 4618.
2274 4732.
2275 4799.
2276 4819.
2277 4799.
2278 4749.
2279 4676.
2280 4584.
2281 4475.
2282 4350.
2283 4215.
2284 4081.
2285 3960.
2286 3865.
2287 3801.
2288 3765.
2289 3751.
2290 3753.
2291 3762.
2292 3771.
2293 3772.
2294 3760.
2295 3728.
2296 3676.
2297 3608.
2298 3531.
2299 3454.
2300 3388.
2301 3340.
2302 3316.
2303 3317.
2304 3342.
2305 3387.
2306 3445.
2307 3510.
2308 3574.
2309 3638.
2310 3706.
2311 3791.
2312 3906.
2313 4056.
2314 4234.
2315 4421.
2316 4592.
2317 4724.
2318 4802.
2319 4819.
2320 4778.
2321 4689.
2322 4564.
2323 4417.
2324 4262.
2325 4107.
2326 3960.
2327 3829.
2328 3721.
2329 3647.
2330 3614.
2331 3628.
2332 3689.
2333 3791.
2334 3922.
2335 4068.
2336 4213.
2337 4345.
2338 4451.
2339 4523.
2340 4556.
2341 4552.
2342 4515.
2343 4456.
2344 4383.
2345 4301.
2346 4213.
2347 4116.
2348 4007.
2349 3885.
2350 3757.
2351 3631.
2352 3519.
2353 3434.
2354 3384.
2355 3372.
2356 3396.
2357 3449.
2358 3521.
2359 3605.
2360 3693.
2361 3783.
2362 3873.
2363 3962.
2364 4051.
2365 4140.
2366 4227.
2367 4309.
2368 4377.
2369 4422.
2370 4435.
2371 4409.
2372 4342.
2373 4240.
2374 4117.
2375 3988.
2376 3871.
2377 3781.
2378 3727.
2379 3711.
2380 3723.
2381 3749.
2382 3774.
2383 3788.
2384 3790.
2385 3783.
2386 3774.
2387 3769.
2388 3778.
2389 3807.
2390 3859.
2391 3933.
2392 4028.
2393 4137.
2394 4251.
2395 4361.
2396 4459.
2397 4537.
2398 4588.
2399 4606.
2400 4585.
2401 4524.
2402 4425.
2403 4298.
2404 4157.
2405 4022.
2406 3912.
2407 3841.
2408 3816.
2409 3831.
2410 3872.
2411 3919.
2412 3954.
2413 3965.
2414 3952.
2415 3925.
2416 3894.
2417 3869.
2418 3857.
2419 3854.
2420 3856.
2421 3854.
2422 3843.
2423 3818.
2424 3780.
2425 3733.
2426 3684.
2427 3639.
2428 3602.
2429 3579.
2430 3572.
2431 3580.
2432 3603.
2433 3639.
2434 3686.
2435 3744.
2436 3812.
2437 3893.
2438 3991.
2439 4108.
2440 4240.
2441 4377.
2442 4506.
2443 4610.
2444 4675.
2445 4694.
2446 4672.
2447 4617.
2448 4544.
2449 4466.
2450 4392.
2451 4328.
2452 4273.
2453 4224.
2454 4173.
2455 4117.
2456 4053.
2457 3986.
2458 3924.
2459 3876.
2460 3847.
2461 3833.
2462 3823.
2463 3804.
2464 3763.
2465 3695.
2466 3608.
2467 3517.
2468 3442.
2469 3407.
2470 3429.
2471 3513.
2472 3654.
2473 3836.
2474 4033.
2475 4221.
2476 4377.
2477 4485.
2478 4541.
2479 4548.
2480 4519.
2481 4465.
2482 4398.
2483 4325.
2484 4246.
2485 4164.
2486 4078.
2487 3987.
2488 3894.
2489 3800.
2490 3708.
2491 3622.
2492 3547.
2493 3488.
2494 3450.
2495 3439.
2496 3455.
2497 3497.
2498 3562.
2499 3645.
2500 3737.
2501 3832.
2502 3925.
2503 4012.
2504 4093.
2505 4171.
2506 4244.
2507 4311.
2508 4366.
2509 4404.
2510 4418.
2511 4407.
2512 4372.
2513 4318.
2514 4250.
2515 4176.
2516 4100.
2517 4030.
2518 3973.
2519 3937.
2520 3929.
2521 3952.
2522 3999.
2523 4060.
2524 4118.
2525 4157.
2526 4168.
2527 4153.
2528 4117.
2529 4073.
2530 4029.
2531 3989.
2532 3956.
2533 3930.
2534 3913.
2535 3909.
2536 3918.
2537 3939.
2538 3967.
2539 3996.
2540 4020.
2541 4033.
2542 4032.
2543 4015.
2544 3980.
2545 3926.
2546 3856.
2547 3776.
2548 3697.
2549 3635.
2550 3606.
2551 3618.
2552 3675.
2553 3769.
2554 3886.
2555 4008.
2556 4117.
2557 4199.
2558 4247.
2559 4258.
2560 4236.
2561 4188.
2562 4122.
2563 4047.
2564 3966.
2565 3886.
2566 3812.
2567 3749.
2568 3704.
2569 3683.
2570 3693.
2571 3737.
2572 3814.
2573 3921.
2574 4053.
2575 4199.
2576 4347.
2577 4483.
2578 4590.
2579 4654.
2580 4664.
2581 4617.
2582 4516.
2583 4372.
2584 4202.
2585 4027.
2586 3869.
2587 3746.
2588 3670.
2589 3640.
2590 3646.
2591 3674.
2592 3713.
2593 3753.
2594 3791.
2595 3831.
2596 3875.
2597 3927.
2598 3988.
2599 4056.
2600 4126.
2601 4189.
2602 4239.
2603 4269.
2604 4279.
2605 4270.
2606 4246.
2607 4214.
2608 4177.
2609 4133.
2610 4082.
2611 4020.
2612 3948.
2613 3872.
2614 3802.
2615 3749.
2616 3722.
2617 3723.
2618 3744.
2619 3777.
2620 3816.
2621 3858.
2622 3902.
2623 3948.
2624 3993.
2625 4032.
2626 4063.
2627 4083.
2628 4093.
2629 4091.
2630 4079.
2631 4058.
2632 4031.
2633 4001.
2634 3975.
2635 3956.
2636 3945.
2637 3942.
2638 3941.
2639 3939.
2640 3931.
2641 3916.
2642 3893.
2643 3865.
2644 3834.
2645 3801.
2646 3767.
2647 3732.
2648 3697.
2649 3665.
2650 3643.
2651 3640.
2652 3667.
2653 3728.
2654 3825.
2655 3949.
2656 4086.
2657 4217.
2658 4328.
2659 4407.
2660 4452.
2661 4466.
2662 4455.
2663 4426.
2664 4385.
2665 4335.
2666 4278.
2667 4218.
2668 4159.
2669 4102.
2670 4047.
2671 3990.
2672 3928.
2673 3859.
2674 3788.
2675 3729.
2676 3700.
2677 3722.
2678 3805.
2679 3945.
2680 4127.
2681 4324.
2682 4505.
2683 4645.
2684 4722.
2685 4727.
2686 4662.
2687 4540.
2688 4383.
2689 4213.
2690 4050.
2691 3908.
2692 3791.
2693 3703.
2694 3643.
2695 3610.
2696 3607.
2697 3633.
2698 3686.
2699 3761.
2700 3849.
2701 3936.
2702 4005.
2703 4043.
2704 4037.
2705 3986.
2706 3895.
2707 3778.
2708 3652.
2709 3536.
2710 3449.
2711 3402.
2712 3402.
2713 3447.
2714 3530.
2715 3638.
2716 3759.
2717 3880.
2718 3992.
2719 4087.
2720 4163.
2721 4222.
2722 4266.
2723 4298.
2724 4321.
2725 4332.
2726 4327.
2727 4303.
2728 4253.
2729 4177.
2730 4074.
2731 3955.
2732 3831.
2733 3719.
2734 3631.
2735 3575.
2736 3558.
2737 3588.
2738 3673.
2739 3816.
2740 4011.
2741 4242.
2742 4481.
2743 4693.
2744 4842.
2745 4900.
2746 4856.
2747 4718.
2748 4514.
2749 4282.
2750 4060.
2751 3877.
2752 3747.
2753 3671.
2754 3649.
2755 3680.
2756 3766.
2757 3900.
2758 4062.
2759 4218.
2760 4335.
2761 4388.
2762 4372.
2763 4295.
2764 4176.
2765 4034.
2766 3891.
2767 3763.
2768 3666.
2769 3613.
2770 3612.
2771 3664.
2772 3759.
2773 3878.
2774 3994.
2775 4083.
2776 4123.
2777 4102.
2778 4022.
2779 3894.
2780 3747.
2781 3617.
2782 3538.
2783 3539.
2784 3620.
2785 3765.
2786 3937.
2787 4097.
2788 4216.
2789 4281.
2790 4292.
2791 4259.
2792 4197.
2793 4117.
2794 4032.
2795 3950.
2796 3884.
2797 3844.
2798 3837.
2799 3862.
2800 3913.
2801 3974.
2802 4031.
2803 4069.
2804 4079.
2805 4057.
2806 4007.
2807 3936.
2808 3855.
2809 3777.
2810 3718.
2811 3690.
2812 3704.
2813 3762.
2814 3859.
2815 3982.
2816 4113.
2817 4232.
2818 4322.
2819 4371.
2820 4376.
2821 4341.
2822 4276.
2823 4188.
2824 4088.
2825 3987.
2826 3900.
2827 3841.
2828 3821.
2829 3837.
2830 3878.
2831 3930.
2832 3983.
2833 4031.
2834 4073.
2835 4108.
2836 4133.
2837 4154.
2838 4176.
2839 4214.
2840 4275.
2841 4363.
2842 4469.
2843 4574.
2844 4658.
2845 4702.
2846 4691.
2847 4617.
2848 4476.
2849 4273.
2850 4020.
2851 3737.
2852 3453.
2853 3195.
2854 2989.
2855 2856.
2856 2807.
2857 2843.
2858 2959.
2859 3139.
2860 3366.
2861 3617.
2862 3871.
2863 4108.
2864 4310.
2865 4463.
2866 4558.
2867 4592.
2868 4572.
2869 4509.
2870 4419.
2871 4317.
2872 4213.
2873 4115.
2874 4027.
2875 3952.
2876 3897.
2877 3866.
2878 3863.
2879 3886.
2880 3928.
2881 3984.
2882 4046.
2883 4108.
2884 4162.
2885 4202.
2886 4220.
2887 4214.
2888 4181.
2889 4126.
2890 4055.
2891 3982.
2892 3916.
2893 3868.
2894 3842.
2895 3839.
2896 3856.
2897 3886.
2898 3922.
2899 3954.
2900 3971.
2901 3963.
2902 3928.
2903 3873.
2904 3811.
2905 3761.
2906 3736.
2907 3748.
2908 3797.
2909 3876.
2910 3971.
2911 4070.
2912 4158.
2913 4226.
2914 4270.
2915 4290.
2916 4287.
2917 4266.
2918 4232.
2919 4188.
2920 4140.
2921 4094.
2922 4055.
2923 4026.
2924 4008.
2925 3999.
2926 3997.
2927 3997.
2928 3997.
2929 3992.
2930 3981.
2931 3962.
2932 3932.
2933 3893.
2934 3850.
2935 3811.
2936 3781.
2937 3760.
2938 3745.
2939 3729.
2940 3710.
2941 3693.
2942 3685.
2943 3697.
2944 3733.
2945 3793.
2946 3871.
2947 3956.
2948 4043.
2949 4132.
2950 4225.
2951 4331.
2952 4453.
2953 4593.
2954 4742.
2955 4886.
2956 5004.
2957 5073.
2958 5078.
2959 5011.
2960 4875.
2961 4679.
2962 4440.
2963 4171.
2964 3887.
2965 3606.
2966 3341.
2967 3108.
2968 2920.
2969 2787.
2970 2715.
2971 2706.
2972 2762.
2973 2878.
2974 3044.
2975 3250.
2976 3479.
2977 3714.
2978 3938.
2979 4138.
2980 4301.
2981 4422.
2982 4496.
2983 4523.
2984 4505.
2985 4442.
2986 4342.
2987 4215.
2988 4077.
2989 3944.
2990 3832.
2991 3751.
2992 3708.
2993 3706.
2994 3745.
2995 3823.
2996 3934.
2997 4072.
2998 4223.
2999 4375.
3000 4514.
3001 4627.
3002 4704.
3003 4738.
3004 4725.
3005 4664.
3006 4556.
3007 4406.
3008 4223.
3009 4021.
3010 3818.
3011 3628.
3012 3466.
3013 3341.
3014 3262.
3015 3235.
3016 3267.
3017 3364.
3018 3525.
3019 3740.
3020 3984.
3021 4225.
3022 4427.
3023 4563.
3024 4625.
3025 4619.
3026 4567.
3027 4492.
3028 4411.
3029 4331.
3030 4255.
3031 4183.
3032 4118.
3033 4064.
3034 4024.
3035 3999.
3036 3990.
3037 3999.
3038 4023.
3039 4055.
3040 4085.
3041 4099.
3042 4082.
3043 4026.
3044 3933.
3045 3815.
3046 3689.
3047 3579.
3048 3502.
3049 3468.
3050 3478.
3051 3524.
3052 3595.
3053 3679.
3054 3766.
3055 3852.
3056 3932.
3057 4005.
3058 4068.
3059 4118.
3060 4152.
3061 4166.
3062 4155.
3063 4116.
3064 4045.
3065 3943.
3066 3815.
3067 3676.
3068 3549.
3069 3461.
3070 3437.
3071 3488.
3072 3605.
3073 3765.
3074 3938.
3075 4100.
3076 4237.
3077 4343.
3078 4421.
3079 4474.
3080 4504.
3081 4512.
3082 4501.
3083 4472.
3084 4424.
3085 4357.
3086 4262.
3087 4133.
3088 3968.
3089 3781.
3090 3604.
3091 3478.
3092 3435.
3093 3482.
3094 3603.
3095 3772.
3096 3967.
3097 4175.
3098 4384.
3099 4577.
3100 4732.
3101 4829.
3102 4852.
3103 4797.
3104 4670.
3105 4491.
3106 4285.
3107 4083.
3108 3911.
3109 3792.
3110 3732.
3111 3721.
3112 3739.
3113 3761.
3114 3771.
3115 3763.
3116 3744.
3117 3725.
3118 3715.
3119 3718.
3120 3737.
3121 3769.
3122 3813.
3123 3865.
3124 3920.
3125 3970.
3126 4007.
3127 4025.
3128 4015.
3129 3971.
3130 3891.
3131 3780.
3132 3658.
3133 3556.
3134 3506.
3135 3533.
3136 3642.
3137 3819.
3138 4032.
3139 4248.
3140 4433.
3141 4564.
3142 4628.
3143 4623.
3144 4557.
3145 4443.
3146 4298.
3147 4139.
3148 3985.
3149 3847.
3150 3739.
3151 3665.
3152 3632.
3153 3641.
3154 3691.
3155 3773.
3156 3873.
3157 3976.
3158 4070.
3159 4145.
3160 4193.
3161 4211.
3162 4196.
3163 4153.
3164 4090.
3165 4023.
3166 3967.
3167 3938.
3168 3939.
3169 3961.
3170 3987.
3171 4002.
3172 3994.
3173 3960.
3174 3899.
3175 3814.
3176 3711.
3177 3608.
3178 3530.
3179 3504.
3180 3540.
3181 3627.
3182 3740.
3183 3857.
3184 3971.
3185 4085.
3186 4205.
3187 4327.
3188 4444.
3189 4544.
3190 4617.
3191 4660.
3192 4671.
3193 4650.
3194 4599.
3195 4521.
3196 4418.
3197 4299.
3198 4170.
3199 4043.
3200 3928.
3201 3830.
3202 3755.
3203 3701.
3204 3665.
3205 3644.
3206 3634.
3207 3628.
3208 3622.
3209 3608.
3210 3582.
3211 3543.
3212 3496.
3213 3454.
3214 3435.
3215 3462.
3216 3548.
3217 3702.
3218 3913.
3219 4160.
3220 4410.
3221 4625.
3222 4772.
3223 4828.
3224 4786.
3225 4657.
3226 4468.
3227 4254.
3228 4059.
3229 3920.
3230 3860.
3231 3881.
3232 3970.
3233 4100.
3234 4244.
3235 4373.
3236 4464.
3237 4501.
3238 4474.
3239 4388.
3240 4255.
3241 4096.
3242 3933.
3243 3788.
3244 3677.
3245 3608.
3246 3582.
3247 3591.
3248 3627.
3249 3676.
3250 3726.
3251 3765.
3252 3786.
3253 3785.
3254 3766.
3255 3738.
3256 3712.
3257 3699.
3258 3706.
3259 3733.
3260 3771.
3261 3810.
3262 3838.
3263 3846.
3264 3832.
3265 3803.
3266 3773.
3267 3757.
3268 3772.
3269 3823.
3270 3907.
3271 4012.
3272 4122.
3273 4219.
3274 4288.
3275 4319.
3276 4307.
3277 4253.
3278 4166.
3279 4058.
3280 3948.
3281 3857.
3282 3806.
3283 3811.
3284 3877.
3285 3995.
3286 4143.
3287 4294.
3288 4425.
3289 4521.
3290 4578.
3291 4604.
3292 4607.
3293 4601.
3294 4591.
3295 4576.
3296 4543.
3297 4477.
3298 4369.
3299 4219.
3300 4040.
3301 3858.
3302 3700.
3303 3586.
3304 3527.
3305 3524.
3306 3567.
3307 3641.
3308 3730.
3309 3820.
3310 3903.
3311 3973.
3312 4029.
3313 4069.
3314 4086.
3315 4075.
3316 4030.
3317 3951.
3318 3846.
3319 3728.
3320 3617.
3321 3534.
3322 3495.
3323 3509.
3324 3576.
3325 3687.
3326 3827.
3327 3979.
3328 4125.
3329 4251.
3330 4344.
3331 4398.
3332 4408.
3333 4373.
3334 4299.
3335 4194.
3336 4074.
3337 3951.
3338 3840.
3339 3753.
3340 3697.
3341 3679.
3342 3699.
3343 3752.
3344 3827.
3345 3911.
3346 3993.
3347 4066.
3348 4124.
3349 4161.
3350 4171.
3351 4152.
3352 4105.
3353 4036.
3354 3956.
3355 3877.
3356 3814.
3357 3776.
3358 3770.
3359 3793.
3360 3839.
3361 3897.
3362 3959.
3363 4019.
3364 4077.
3365 4137.
3366 4201.
3367 4266.
3368 4326.
3369 4370.
3370 4385.
3371 4368.
3372 4320.
3373 4255.
3374 4191.
3375 4145.
3376 4125.
3377 4134.
3378 4162.
3379 4196.
3380 4224.
3381 4236.
3382 4228.
3383 4202.
3384 4158.
3385 4100.
3386 4032.
3387 3957.
3388 3879.
3389 3801.
3390 3728.
3391 3661.
3392 3599.
3393 3543.
3394 3496.
3395 3463.
3396 3449.
3397 3460.
3398 3498.
3399 3562.
3400 3647.
3401 3745.
3402 3846.
3403 3941.
3404 4025.
3405 4096.
3406 4154.
3407 4201.
3408 4239.
3409 4265.
3410 4275.
3411 4267.
3412 4243.
3413 4212.
3414 4184.
3415 4168.
3416 4172.
3417 4195.
3418 4231.
3419 4270.
3420 4302.
3421 4316.
3422 4306.
3423 4270.
3424 4209.
3425 4128.
3426 4035.
3427 3939.
3428 3853.
3429 3782.
3430 3729.
3431 3690.
3432 3657.
3433 3623.
3434 3584.
3435 3545.
3436 3512.
3437 3495.
3438 3499.
3439 3529.
3440 3584.
3441 3662.
3442 3758.
3443 3865.
3444 3976.
3445 4080.
3446 4170.
3447 4241.
3448 4288.
3449 4311.
3450 4316.
3451 4309.
3452 4303.
3453 4309.
3454 4342.
3455 4410.
3456 4514.
3457 4641.
3458 4767.
3459 4864.
3460 4903.
3461 4868.
3462 4754.
3463 4572.
3464 4343.
3465 4095.
3466 3857.
3467 3652.
3468 3499.
3469 3404.
3470 3365.
3471 3375.
3472 3421.
3473 3491.
3474 3574.
3475 3657.
3476 3734.
3477 3793.
3478 3828.
3479 3834.
3480 3808.
3481 3756.
3482 3689.
3483 3623.
3484 3574.
3485 3550.
3486 3555.
3487 3581.
3488 3619.
3489 3660.
3490 3701.
3491 3742.
3492 3791.
3493 3854.
3494 3937.
3495 4040.
3496 4158.
3497 4281.
3498 4394.
3499 4484.
3500 4538.
3501 4553.
3502 4533.
3503 4490.
3504 4437.
3505 4387.
3506 4345.
3507 4307.
3508 4268.
3509 4222.
3510 4170.
3511 4117.
3512 4069.
3513 4032.
3514 4008.
3515 3994.
3516 3983.
3517 3971.
3518 3955.
3519 3935.
3520 3915.
3521 3901.
3522 3898.
3523 3910.
3524 3935.
3525 3971.
3526 4011.
3527 4049.
3528 4078.
3529 4092.
3530 4089.
3531 4068.
3532 4034.
3533 3993.
3534 3954.
3535 3925.
3536 3909.
3537 3908.
3538 3915.
3539 3920.
3540 3916.
3541 3898.
3542 3869.
3543 3834.
3544 3803.
3545 3786.
3546 3792.
3547 3826.
3548 3890.
3549 3979.
3550 4087.
3551 4204.
3552 4319.
3553 4420.
3554 4493.
3555 4527.
3556 4513.
3557 4443.
3558 4319.
3559 4148.
3560 3948.
3561 3740.
3562 3547.
3563 3389.
3564 3278.
3565 3219.
3566 3208.
3567 3237.
3568 3292.
3569 3361.
3570 3437.
3571 3517.
3572 3607.
3573 3715.
3574 3850.
3575 4013.
3576 4196.
3577 4382.
3578 4550.
3579 4679.
3580 4754.
3581 4770.
3582 4736.
3583 4664.
3584 4573.
3585 4474.
3586 4375.
3587 4273.
3588 4163.
3589 4040.
3590 3905.
3591 3765.
3592 3637.
3593 3538.
3594 3488.
3595 3497.
3596 3565.
3597 3683.
3598 3833.
3599 3992.
3600 4137.
3601 4245.
3602 4303.
3603 4305.
3604 4254.
3605 4165.
3606 4058.
3607 3955.
3608 3873.
3609 3822.
3610 3807.
3611 3827.
3612 3878.
3613 3955.
3614 4050.
3615 4152.
3616 4249.
3617 4328.
3618 4379.
3619 4396.
3620 4379.
3621 4334.
3622 4268.
3623 4193.
3624 4114.
3625 4039.
3626 3974.
3627 3922.
3628 3887.
3629 3872.
3630 3875.
3631 3892.
3632 3914.
3633 3932.
3634 3939.
3635 3930.
3636 3907.
3637 3871.
3638 3827.
3639 3782.
3640 3745.
3641 3724.
3642 3731.
3643 3771.
3644 3842.
3645 3934.
3646 4033.
3647 4120.
3648 4180.
3649 4200.
3650 4176.
3651 4112.
3652 4024.
3653 3929.
3654 3848.
3655 3792.
3656 3763.
3657 3757.
3658 3766.
3659 3783.
3660 3802.
3661 3819.
3662 3826.
3663 3818.
3664 3793.
3665 3752.
3666 3705.
3667 3663.
3668 3644.
3669 3659.
3670 3719.
3671 3824.
3672 3967.
3673 4134.
3674 4309.
3675 4474.
3676 4611.
3677 4707.
3678 4752.
3679 4744.
3680 4689.
3681 4599.
3682 4488.
3683 4371.
3684 4264.
3685 4175.
3686 4110.
3687 4071.
3688 4057.
3689 4060.
3690 4073.
3691 4082.
3692 4077.
3693 4051.
3694 4004.
3695 3941.
3696 3873.
3697 3809.
3698 3756.
3699 3718.
3700 3692.
3701 3676.
3702 3665.
3703 3658.
3704 3654.
3705 3656.
3706 3664.
3707 3678.
3708 3700.
3709 3728.
3710 3761.
3711 3799.
3712 3839.
3713 3879.
3714 3918.
3715 3952.
3716 3982.
3717 4007.
3718 4027.
3719 4042.
3720 4051.
3721 4052.
3722 4047.
3723 4041.
3724 4045.
3725 4071.
3726 4130.
3727 4224.
3728 4345.
3729 4477.
3730 4595.
3731 4674.
3732 4693.
3733 4645.
3734 4536.
3735 4384.
3736 4222.
3737 4079.
3738 3978.
3739 3926.
3740 3913.
3741 3922.
3742 3933.
3743 3934.
3744 3921.
3745 3896.
3746 3864.
3747 3829.
3748 3793.
3749 3755.
3750 3716.
3751 3675.
3752 3634.
3753 3596.
3754 3568.
3755 3555.
3756 3562.
3757 3589.
3758 3633.
3759 3686.
3760 3740.
3761 3788.
3762 3827.
3763 3858.
3764 3886.
3765 3916.
3766 3953.
3767 4002.
3768 4065.
3769 4143.
3770 4231.
3771 4319.
3772 4395.
3773 4445.
3774 4459.
3775 4436.
3776 4378.
3777 4291.
3778 4184.
3779 4061.
3780 3932.
3781 3806.
3782 3695.
3783 3616.
3784 3581.
3785 3603.
3786 3686.
3787 3825.
3788 4007.
3789 4208.
3790 4401.
3791 4557.
3792 4657.
3793 4694.
3794 4670.
3795 4597.
3796 4487.
3797 4353.
3798 4206.
3799 4056.
3800 3915.
3801 3791.
3802 3692.
3803 3619.
3804 3573.
3805 3553.
3806 3556.
3807 3577.
3808 3606.
3809 3630.
3810 3641.
3811 3633.
3812 3608.
3813 3577.
3814 3553.
3815 3552.
3816 3590.
3817 3679.
3818 3827.
3819 4027.
3820 4264.
3821 4510.
3822 4731.
3823 4894.
3824 4977.
3825 4971.
3826 4882.
3827 4733.
3828 4552.
3829 4368.
3830 4201.
3831 4057.
3832 3938.
3833 3845.
3834 3778.
3835 3741.
3836 3736.
3837 3756.
3838 3793.
3839 3835.
3840 3869.
3841 3886.
3842 3883.
3843 3863.
3844 3835.
3845 3809.
3846 3795.
3847 3795.
3848 3810.
3849 3832.
3850 3857.
3851 3877.
3852 3888.
3853 3887.
3854 3873.
3855 3846.
3856 3810.
3857 3770.
3858 3734.
3859 3709.
3860 3704.
3861 3726.
3862 3780.
3863 3864.
3864 3971.
3865 4084.
3866 4186.
3867 4258.
3868 4289.
3869 4275.
3870 4221.
3871 4138.
3872 4039.
3873 3938.
3874 3847.
3875 3777.
3876 3734.
3877 3725.
3878 3751.
3879 3809.
3880 3891.
3881 3982.
3882 4063.
3883 4120.
3884 4145.
3885 4140.
3886 4120.
3887 4104.
3888 4112.
3889 4157.
3890 4244.
3891 4365.
3892 4499.
3893 4623.
3894 4710.
3895 4743.
3896 4712.
3897 4616.
3898 4468.
3899 4288.
3900 4101.
3901 3929.
3902 3787.
3903 3675.
3904 3590.
3905 3527.
3906 3487.
3907 3469.
3908 3479.
3909 3521.
3910 3599.
3911 3711.
3912 3851.
3913 4006.
3914 4158.
3915 4291.
3916 4389.
3917 4441.
3918 4443.
3919 4396.
3920 4306.
3921 4186.
3922 4050.
3923 3914.
3924 3793.
3925 3701.
3926 3648.
3927 3638.
3928 3670.
3929 3739.
3930 3833.
3931 3937.
3932 4031.
3933 4101.
3934 4133.
3935 4123.
3936 4074.
3937 3997.
3938 3901.
3939 3800.
3940 3703.
3941 3619.
3942 3557.
3943 3523.
3944 3522.
3945 3556.
3946 3621.
3947 3711.
3948 3813.
3949 3915.
3950 4006.
3951 4078.
3952 4126.
3953 4151.
3954 4158.
3955 4155.
3956 4150.
3957 4150.
3958 4165.
3959 4200.
3960 4258.
3961 4340.
3962 4436.
3963 4536.
3964 4625.
3965 4689.
3966 4715.
3967 4692.
3968 4617.
3969 4495.
3970 4339.
3971 4169.
3972 4006.
3973 3868.
3974 3763.
3975 3690.
3976 3642.
3977 3609.
3978 3585.
3979 3568.
3980 3559.
3981 3564.
3982 3590.
3983 3641.
3984 3720.
3985 3822.
3986 3940.
3987 4061.
3988 4169.
3989 4252.
3990 4296.
3991 4293.
3992 4240.
3993 4138.
3994 3996.
3995 3826.
3996 3647.
3997 3480.
3998 3349.
3999 3272.
4000 3262.
