  -0.29  126.01  5.00 
  -1.03  126.97  6.00 
  10.45  145.72  7.10 
 -13.39  -76.60  8.00 
   0.34  124.61  5.00 
   0.34   97.80  5.00 
  -0.54  -91.50  5.00 
   0.55  -25.37  5.00 
   0.60  -79.97  5.00 
   0.76   98.75  5.00 
   0.79  125.80  5.00 
   0.79  125.80  5.00 
   0.79  125.80  5.00 
   0.87   97.53  5.00 
   0.88  126.11  5.00 
  -0.88  127.27  5.00 
  -0.88  146.57  5.00 
   0.89   97.54  5.00 
   0.94  126.02  5.00 
   0.95  126.07  5.00 
  -0.97  127.06  5.00 
  -0.97  127.06  5.00 
  -0.97  127.06  5.00 
   1.00  126.00  5.00 
  10.07  125.89  5.00 
   1.01  125.97  5.00 
 -10.20  123.72  5.00 
 -10.27  161.23  5.00 
 -10.28  161.34  5.00 
  10.29  125.15  5.00 
  10.29   93.06  5.00 
  10.38  145.86  5.00 
  10.39  -85.53  5.00 
  10.40  145.92  5.00 
  10.50  140.14  5.00 
  10.52  145.73  5.00 
   1.07  126.22  5.00 
   1.08  126.09  5.00 
   1.09  126.97  5.00 
   1.09   97.10  5.00 
 -11.02  -77.96  5.00 
   1.11  126.31  5.00 
   1.11  126.33  5.00 
   1.11  126.33  5.00 
   1.11  126.45  5.00 
 -11.23  165.54  5.00 
 -11.24  -79.29  5.00 
  -1.13  127.20  5.00 
  11.36  -87.74  5.00 
  -1.14  127.07  5.00 
  -1.14  127.53  5.00 
  11.47  143.27  5.00 
 -11.56  166.06  5.00 
 -11.63  165.85  5.00 
  11.63  -85.83  5.00 
  -1.19  -13.16  5.00 
 -11.92  165.93  5.00 
   1.19   97.33  5.00 
   1.20  125.99  5.00 
  12.05  143.81  5.00 
  12.06  143.81  5.00 
 -12.08  -75.29  5.00 
   1.20  -90.76  5.00 
  12.18  125.67  5.00 
  12.19  125.54  5.00 
   1.22  126.20  5.00 
  12.29  144.09  5.00 
  12.49  123.45  5.00 
  12.49  123.45  5.00 
  12.49  123.45  5.00 
  12.89  145.25  5.00 
  13.00  -88.55  5.00 
   1.31  126.53  5.00 
  -1.32   89.42  5.00 
  -1.32   89.42  5.00 
  -1.32   89.42  5.00 
 -13.38  -76.80  5.00 
   1.34  127.21  5.00 
 -13.41  -77.02  5.00 
  13.44  -91.06  5.00 
 -13.54  -76.58  5.00 
 -13.57  -76.12  5.00 
  13.61  146.09  5.00 
 -13.61  -76.98  5.00 
 -13.73  -76.07  5.00 
 -13.87  -76.68  5.00 
  13.88  122.69  5.00 
  14.02  -93.55  5.00 
 -14.18  -76.74  5.00 
 -14.21  -76.09  5.00 
  14.24  -60.39  5.00 
 -14.26  -76.19  5.00 
 -14.41  167.29  5.00 
  -1.44  -77.97  5.00 
 -14.66 -175.48  5.00 
  -1.46  -77.73  5.00 
 -14.72  -75.37  5.00 
 -14.75  -75.35  5.00 
 -14.85  167.29  5.00 
 -14.86  166.74  5.00 
 -14.91  167.36  5.00 
  14.95  -93.00  5.00 
 -15.01 -174.29  5.00 
   1.50  127.83  5.00 
  15.03  -61.27  5.00 
  15.07  146.87  5.00 
 -15.08  167.38  5.00 
  -1.51  119.60  5.00 
 -15.13 -174.35  5.00 
 -15.17  -75.09  5.00 
   1.51   97.11  5.00 
  15.24  122.53  5.00 
  15.26  122.79  5.00 
  15.26  -91.94  5.00 
 -15.34  167.84  5.00 
 -15.36 -173.54  5.00 
 -15.36 -173.54  5.00 
 -15.36 -173.54  5.00 
 -15.65  -74.79  5.00 
  15.95  145.87  5.00 
 -15.96  167.52  5.00 
  -1.59  -78.03  5.00 
 -16.03  -73.73  5.00 
 -16.04  167.80  5.00 
  16.42  -97.73  5.00 
 -16.52  176.63  5.00 
 -16.81 -177.12  5.00 
 -16.82  167.04  5.00 
 -17.03 -177.02  5.00 
  17.20  -96.84  5.00 
 -17.24 -174.05  5.00 
 -17.36  -70.24  5.00 
 -17.44  -72.75  5.00 
  17.58  -94.44  5.00 
  17.88  122.29  5.00 
 -17.94 -176.57  5.00 
  -1.80   99.54  5.00 
  18.18 -102.74  5.00 
  18.18 -102.74  5.00 
  18.18 -102.74  5.00 
 -18.30 -174.78  5.00 
  -1.84  128.87  5.00 
   1.84   97.05  5.00 
 -18.67 -173.24  5.00 
  18.83  -70.32  5.00 
  18.91  145.07  5.00 
  -1.89   99.57  5.00 
 -19.16  168.75  5.00 
  19.25  121.26  5.00 
  19.39 -105.41  5.00 
   1.98   89.69  5.00 
  -1.98   99.52  5.00 
 -19.91 -178.24  5.00 
 -19.95 -175.77  5.00 
 -20.34 -174.46  5.00 
 -20.39 -174.11  5.00 
  20.50  120.26  5.00 
 -20.54 -178.46  5.00 
 -20.65  168.82  5.00 
 -20.65  168.82  5.00 
 -20.65  168.82  5.00 
 -20.68  168.85  5.00 
 -20.68  168.85  5.00 
 -20.68  168.85  5.00 
 -20.69  169.29  5.00 
   2.08   96.69  5.00 
 -20.91 -177.90  5.00 
 -21.05  169.30  5.00 
 -21.10  169.24  5.00 
 -21.12  168.74  5.00 
 -21.14  169.28  5.00 
 -21.14  169.32  5.00 
 -21.17  169.15  5.00 
 -21.17  169.41  5.00 
  21.18   70.72  5.00 
 -21.19  169.31  5.00 
 -21.27  169.47  5.00 
 -21.30  169.43  5.00 
 -21.43  168.50  5.00 
 -21.49  -68.03  5.00 
 -21.68 -179.21  5.00 
  -2.17  139.15  5.00 
  21.95  143.08  5.00 
  21.97  143.02  5.00 
  21.98  143.00  5.00 
 -22.12  171.91  5.00 
  22.14  121.09  5.00 
 -22.32  -69.84  5.00 
 -22.53  -70.31  5.00 
   2.26  126.77  5.00 
 -22.81  -70.68  5.00 
 -22.82  -70.60  5.00 
  22.83  142.55  5.00 
 -22.83  171.68  5.00 
 -22.88  -70.56  5.00 
 -22.88  -70.66  5.00 
 -22.97  171.65  5.00 
 -23.06  169.93  5.00 
  23.08  100.89  5.00 
 -23.16  -70.42  5.00 
 -23.16  -70.72  5.00 
 -23.17  -70.48  5.00 
 -23.21  -70.13  5.00 
 -23.21  -70.65  5.00 
 -23.22  -70.53  5.00 
  23.24  143.56  5.00 
  23.24  143.56  5.00 
  23.24  143.56  5.00 
 -23.26  170.40  5.00 
 -23.31  -70.61  5.00 
 -23.38  -70.57  5.00 
 -23.42  170.92  5.00 
 -23.42  170.92  5.00 
 -23.42  170.92  5.00 
  23.45  142.59  5.00 
  -2.37  128.06  5.00 
 -24.02 -179.78  5.00 
 -24.18  -69.51  5.00 
  -2.42   99.88  5.00 
 -24.31 -179.95  5.00 
 -24.31  -67.47  5.00 
  24.35 -109.95  5.00 
 -24.63  179.96  5.00 
   2.47  127.86  5.00 
  24.97  127.96  5.00 
  25.32   62.15  5.00 
  25.32   62.15  5.00 
  25.32   62.15  5.00 
  -2.57  100.49  5.00 
 -25.85  -70.56  5.00 
  -2.59  101.79  5.00 
  25.98 -110.46  5.00 
   2.62  126.97  5.00 
   2.62  128.23  5.00 
 -26.22 -177.83  5.00 
   2.64  126.99  5.00 
   2.65   66.23  5.00 
 -26.74 -177.83  5.00 
 -26.74 -177.83  5.00 
 -26.74 -177.83  5.00 
 -26.81 -107.16  5.00 
 -26.85  178.56  5.00 
 -26.89  -71.07  5.00 
  -2.70  136.39  5.00 
 -27.09 -176.35  5.00 
   2.71   66.24  5.00 
   2.73  126.94  5.00 
  27.33   88.24  5.00 
  27.34   87.74  5.00 
  27.45  129.26  5.00 
  27.45  129.26  5.00 
  27.45  129.26  5.00 
   2.74   66.14  5.00 
  27.47   55.15  5.00 
  -2.75  141.51  5.00 
  27.56   56.57  5.00 
  -2.77  140.24  5.00 
  27.74  139.90  5.00 
 -27.82  -67.38  5.00 
  -2.78   36.19  5.00 
  -2.80  101.24  5.00 
  28.10   55.08  5.00 
   2.81  127.53  5.00 
  -2.81  141.38  5.00 
  28.15   56.65  5.00 
  -2.83  141.58  5.00 
  -2.83  141.70  5.00 
  -2.84  100.25  5.00 
  -2.84  101.23  5.00 
   2.85  127.36  5.00 
 -28.68   74.18  5.00 
 -28.83  -71.47  5.00 
  -2.89  141.39  5.00 
  28.92  -43.19  5.00 
  28.92  -43.19  5.00 
  28.92  -43.19  5.00 
  28.95  -43.10  5.00 
  28.95  -43.10  5.00 
  28.95  -43.10  5.00 
  28.98   58.34  5.00 
  29.00  -43.16  5.00 
  29.00  -43.16  5.00 
  29.00  -43.16  5.00 
 -29.16 -177.41  5.00 
  -2.92  139.49  5.00 
  29.39   95.48  5.00 
  -2.96  101.19  5.00 
  -2.96  101.19  5.00 
  -2.96  101.19  5.00 
   2.97   96.46  5.00 
  29.99  140.38  5.00 
  -3.00  102.35  5.00 
  30.01  142.18  5.00 
  -3.01  101.38  5.00 
  -3.03  141.33  5.00 
 -30.42 -177.62  5.00 
 -30.42 -177.62  5.00 
 -30.42 -177.62  5.00 
 -30.55 -177.41  5.00 
  30.58   69.94  5.00 
  -3.07  100.46  5.00 
 -30.78 -177.97  5.00 
 -30.84  -71.36  5.00 
 -31.02 -177.87  5.00 
  31.19  141.76  5.00 
 -31.29 -177.65  5.00 
   3.13  126.96  5.00 
   3.13  126.96  5.00 
   3.13  126.96  5.00 
  31.40  140.16  5.00 
 -31.45 -175.99  5.00 
 -31.68 -177.95  5.00 
   3.19  126.62  5.00 
 -32.06 -178.10  5.00 
 -32.09   57.09  5.00 
  32.15  137.39  5.00 
  32.15  137.39  5.00 
  32.15  137.39  5.00 
  -3.22  100.61  5.00 
 -32.32 -177.33  5.00 
 -32.50  179.73  5.00 
  -3.25  100.64  5.00 
 -32.51 -178.81  5.00 
 -32.51  178.87  5.00 
  -3.25  143.73  5.00 
 -32.58 -178.14  5.00 
 -32.59 -178.57  5.00 
 -32.67  -70.28  5.00 
 -32.69  -71.81  5.00 
  32.80  -39.82  5.00 
  33.09  136.87  5.00 
 -33.17 -178.28  5.00 
   3.33   94.25  5.00 
 -33.83 -178.90  5.00 
  34.13   81.94  5.00 
 -34.47  -72.20  5.00 
  -3.45  148.95  5.00 
  -3.49  100.84  5.00 
 -35.08   53.98  5.00 
  35.18  138.99  5.00 
  35.27  -36.32  5.00 
  35.30  140.51  5.00 
  -3.53  100.75  5.00 
  35.32   65.49  5.00 
  -3.54  100.52  5.00 
 -35.41  -71.30  5.00 
  35.60  142.01  5.00 
  35.60  142.01  5.00 
  35.60  142.01  5.00 
  35.62   89.43  5.00 
  35.64   89.41  5.00 
 -35.69  -16.14  5.00 
  36.24   71.23  5.00 
  36.43  140.70  5.00 
  36.45   70.37  5.00 
  36.45   70.50  5.00 
  36.45   70.50  5.00 
  36.45   70.50  5.00 
  36.46   70.86  5.00 
  -3.66  140.10  5.00 
 -36.65  177.13  5.00 
  36.98  -24.31  5.00 
  36.98  -24.31  5.00 
  36.98  -24.31  5.00 
  -3.70  100.84  5.00 
  37.02   29.26  5.00 
  37.11  -24.51  5.00 
  37.11  -24.51  5.00 
  37.11  -24.51  5.00 
  -3.72  100.69  5.00 
  37.22  136.51  5.00 
  37.23  -24.65  5.00 
  37.23  -24.65  5.00 
  37.23  -24.65  5.00 
  -3.74  101.09  5.00 
  37.64   20.97  5.00 
 -37.78  176.83  5.00 
 -37.83  176.77  5.00 
  37.94  135.39  5.00 
  38.15   73.26  5.00 
  -3.82  101.75  5.00 
  39.11   71.42  5.00 
  39.50   20.67  5.00 
  -3.97  152.11  5.00 
 -40.36  174.64  5.00 
  -4.04  101.03  5.00 
  -4.08  101.18  5.00 
   4.09   96.58  5.00 
  -4.11 -104.24  5.00 
 -41.51  -89.20  5.00 
 -41.74   84.75  5.00 
 -41.74   84.75  5.00 
 -41.74   84.75  5.00 
  -4.18  101.31  5.00 
 -42.16   84.35  5.00 
 -42.16   84.35  5.00 
 -42.16   84.35  5.00 
  -4.24  123.49  5.00 
  42.93   77.87  5.00 
  43.23  147.66  5.00 
  -4.34  101.06  5.00 
  43.48 -127.36  5.00 
  -4.40  123.43  5.00 
  -4.41  101.30  5.00 
  44.25  149.10  5.00 
   4.43  127.82  5.00 
  44.43  147.20  5.00 
  44.91  146.13  5.00 
 -45.71  -72.54  5.00 
  45.78  154.05  5.00 
   4.59  126.18  5.00 
  45.98  153.83  5.00 
  46.11  154.49  5.00 
  46.12  152.30  5.00 
  46.47  152.32  5.00 
 -46.56  118.67  5.00 
  46.62  152.54  5.00 
  46.62  152.54  5.00 
  46.62  152.54  5.00 
  46.63  152.59  5.00 
  46.63  152.59  5.00 
  46.63  152.59  5.00 
  46.68  152.43  5.00 
  46.68  152.43  5.00 
  46.68  152.43  5.00 
  46.90  155.30  5.00 
  46.94  156.59  5.00 
  47.02  156.04  5.00 
  47.05  153.88  5.00 
  47.39  155.66  5.00 
  47.54  155.61  5.00 
  -4.77  103.16  5.00 
  -4.77  -12.44  5.00 
  47.72  -27.54  5.00 
  -4.78  154.16  5.00 
 -48.01  165.01  5.00 
  48.06  154.93  5.00 
  -4.81  151.65  5.00 
 -49.10  164.18  5.00 
 -49.54  125.96  5.00 
 -49.58  117.40  5.00 
 -50.12 -114.28  5.00 
   5.03  -82.70  5.00 
  50.97 -178.95  5.00 
  51.08    1.01  5.00 
  51.08    1.01  5.00 
  51.08    1.01  5.00 
  51.09  179.99  5.00 
  51.11 -179.25  5.00 
  -5.11  153.59  5.00 
  51.13 -179.12  5.00 
  51.13  179.39  5.00 
  51.18  179.55  5.00 
  51.19 -179.27  5.00 
  51.22 -179.05  5.00 
  51.60 -173.58  5.00 
  -5.16  152.99  5.00 
  51.67 -175.52  5.00 
  51.77 -175.42  5.00 
  51.85 -176.26  5.00 
  -5.20  123.58  5.00 
  52.43 -167.98  5.00 
  52.44 -168.45  5.00 
 -53.24  159.47  5.00 
  -5.34  -77.22  5.00 
  53.57 -163.64  5.00 
  53.89  161.40  5.00 
 -53.96   -2.33  5.00 
  -5.40  151.30  5.00 
  54.90 -156.97  5.00 
 -55.10  -33.62  5.00 
 -55.12 -128.85  5.00 
   5.51   94.62  5.00 
 -55.34   -1.56  5.00 
  -5.53  -77.06  5.00 
   5.54  126.28  5.00 
  -5.55  -11.55  5.00 
   5.57  -82.69  5.00 
  55.90  113.48  5.00 
 -55.94  -27.78  5.00 
 -56.01  -27.49  5.00 
  56.05  114.54  5.00 
  56.05  114.54  5.00 
  56.05  114.54  5.00 
  56.13 -162.14  5.00 
 -56.24  -26.94  5.00 
 -56.27  -27.30  5.00 
 -56.31  -26.64  5.00 
  -5.69  146.07  5.00 
  56.96 -154.78  5.00 
  -5.73  105.53  5.00 
  57.49  -33.03  5.00 
   5.76  -77.44  5.00 
 -58.65  -25.18  5.00 
  -5.88  105.57  5.00 
 -59.72  -26.68  5.00 
 -60.01  153.36  5.00 
  -6.02  150.77  5.00 
 -60.28  -26.47  5.00 
 -60.33  -26.23  5.00 
  60.80  166.57  5.00 
 -60.96  160.79  5.00 
 -61.35  -34.25  5.00 
 -61.49  159.38  5.00 
 -61.83  -59.73  5.00 
 -61.83  -59.73  5.00 
 -61.83  -59.73  5.00 
  63.29  -23.93  5.00 
  -6.42  146.28  5.00 
  -6.42  146.28  5.00 
  -6.42  146.28  5.00 
  -6.58  105.22  5.00 
  -6.59  129.07  5.00 
  -6.62  154.81  5.00 
  -6.76  129.75  5.00 
  -6.76  129.75  5.00 
  -6.76  129.75  5.00 
  -6.79  154.98  5.00 
  -6.79  154.98  5.00 
  -6.79  154.98  5.00 
  -6.89  155.99  5.00 
  -6.89  155.99  5.00 
  -6.89  155.99  5.00 
  -6.92  155.65  5.00 
  -6.92  155.65  5.00 
  -6.92  155.65  5.00 
  -6.92  155.74  5.00 
  -6.92  155.74  5.00 
  -6.92  155.74  5.00 
  -6.99  154.85  5.00 
  -7.04  154.79  5.00 
  -7.07  155.97  5.00 
   7.10  123.86  5.00 
  -7.12  155.83  5.00 
  -7.15  130.47  5.00 
  -7.15  155.54  5.00 
  -7.15  155.54  5.00 
  -7.15  155.54  5.00 
  -7.18  155.16  5.00 
  -7.18  155.16  5.00 
  -7.18  155.16  5.00 
  -7.18  155.54  5.00 
  -7.18  155.54  5.00 
  -7.18  155.54  5.00 
  -7.18  155.83  5.00 
  -7.20  154.90  5.00 
  -7.20  154.90  5.00 
  -7.20  154.90  5.00 
  -7.22  155.88  5.00 
  -7.25  156.01  5.00 
  -7.25  156.01  5.00 
  -7.25  156.01  5.00 
  -7.26  155.70  5.00 
  -7.26  155.70  5.00 
  -7.26  155.70  5.00 
  -7.27  156.31  5.00 
  -7.27  156.31  5.00 
  -7.27  156.31  5.00 
  -7.29  155.41  5.00 
  -7.29  155.41  5.00 
  -7.29  155.41  5.00 
  -7.29  155.88  5.00 
  -7.34  129.00  5.00 
  -7.49  156.13  5.00 
  -7.50  129.09  5.00 
  -7.64  155.60  5.00 
  -7.64  155.60  5.00 
  -7.64  155.60  5.00 
  -7.68  155.62  5.00 
  -7.68  155.62  5.00 
  -7.68  155.62  5.00 
  -7.73  155.72  5.00 
  -7.73  155.72  5.00 
  -7.73  155.72  5.00 
  -7.74  155.52  5.00 
  -7.76  155.70  5.00 
  -7.76  155.70  5.00 
  -7.76  155.70  5.00 
  -7.90  155.77  5.00 
  -7.90  155.77  5.00 
  -7.90  155.77  5.00 
  -8.10  156.40  5.00 
  -8.56  157.51  5.00 
  -8.56  157.51  5.00 
  -8.56  157.51  5.00 
  -8.58  157.60  5.00 
  -8.58  157.68  5.00 
  -8.58  157.68  5.00 
  -8.58  157.68  5.00 
  -8.64  157.76  5.00 
  -8.64  157.76  5.00 
  -8.64  157.76  5.00 
  -8.69  157.74  5.00 
  -8.69  157.74  5.00 
  -8.69  157.74  5.00 
  -8.78  157.35  5.00 
  -8.78  157.35  5.00 
  -8.78  157.35  5.00 
  -9.09  -79.39  5.00 
   9.14  -39.47  5.00 
   9.33  126.66  5.00 
   9.38   93.86  5.00 
   9.70   91.80  5.00 
   9.90   57.55  5.00 
  -9.91  154.22  5.00 
   9.97   42.88  5.00 
   0.12   97.05  5.10 
   0.13   97.71  5.10 
   0.29   97.75  5.10 
  -0.40  100.91  5.10 
   0.56  120.41  5.10 
   0.82  -29.17  5.10 
  -0.85  134.06  5.10 
   0.95  126.12  5.10 
   0.96  126.21  5.10 
   0.99  126.28  5.10 
   1.00  126.01  5.10 
   1.01  126.04  5.10 
  10.51  146.16  5.10 
   1.05  -85.26  5.10 
   1.07  123.86  5.10 
   1.07   97.37  5.10 
   1.08  126.17  5.10 
 -10.94  162.22  5.10 
  -1.10  127.21  5.10 
  11.36  126.06  5.10 
 -11.37  166.33  5.10 
 -11.44  166.17  5.10 
 -11.46  166.05  5.10 
 -11.49  166.28  5.10 
 -11.98  165.86  5.10 
  12.03  142.19  5.10 
  12.22  125.08  5.10 
 -12.36  -14.86  5.10 
   1.24  126.16  5.10 
 -12.47   41.83  5.10 
  12.60  142.64  5.10 
  12.60  142.64  5.10 
  12.60  142.64  5.10 
 -12.69  -71.32  5.10 
   1.27  126.29  5.10 
   1.27  126.40  5.10 
  13.00  126.02  5.10 
  13.00  126.02  5.10 
  13.00  126.02  5.10 
  13.03  124.52  5.10 
  13.17  120.64  5.10 
 -13.36  -76.75  5.10 
 -13.51  166.74  5.10 
 -13.63  -76.54  5.10 
 -13.69  -76.26  5.10 
 -13.75  -76.46  5.10 
  13.81  -89.61  5.10 
 -13.88  -76.76  5.10 
  -1.40  -14.08  5.10 
  14.10  -91.32  5.10 
  14.28  146.67  5.10 
  14.29   93.99  5.10 
  14.42  146.70  5.10 
  14.45   53.81  5.10 
  14.45   53.81  5.10 
  14.45   53.81  5.10 
  14.49  -93.07  5.10 
 -14.55  168.04  5.10 
 -14.77  167.30  5.10 
 -14.77  167.30  5.10 
 -14.77  167.30  5.10 
 -14.83 -174.50  5.10 
  15.02  -92.44  5.10 
  15.09  -61.38  5.10 
 -15.18 -174.36  5.10 
 -15.23  167.48  5.10 
   1.53  126.36  5.10 
 -15.36 -173.62  5.10 
 -15.45  167.63  5.10 
 -15.60  167.63  5.10 
  15.65  -93.68  5.10 
 -15.82  167.82  5.10 
 -15.97  173.42  5.10 
 -15.97  173.42  5.10 
 -15.97  173.42  5.10 
  -1.61   99.64  5.10 
 -16.33 -172.87  5.10 
 -16.46 -173.23  5.10 
 -16.46 -173.23  5.10 
 -16.46 -173.23  5.10 
 -16.48 -172.65  5.10 
 -16.59  176.38  5.10 
 -16.94   67.04  5.10 
  16.94  -99.82  5.10 
  16.94  -99.82  5.10 
  16.94  -99.82  5.10 
 -17.09 -177.16  5.10 
  17.11  -61.49  5.10 
 -17.15  167.15  5.10 
 -17.23  -69.10  5.10 
 -17.28  -69.66  5.10 
 -17.33 -176.87  5.10 
 -17.33 -176.87  5.10 
 -17.33 -176.87  5.10 
 -17.34 -176.90  5.10 
 -17.37 -178.95  5.10 
  17.38  -94.20  5.10 
 -17.42  -72.74  5.10 
 -17.42  -72.74  5.10 
 -17.42  -72.74  5.10 
 -17.49  -72.62  5.10 
 -17.49  -72.62  5.10 
 -17.49  -72.62  5.10 
 -17.57 -173.35  5.10 
  17.61  -46.48  5.10 
 -17.67   65.73  5.10 
  18.05 -100.84  5.10 
  18.11  145.79  5.10 
  18.13  147.11  5.10 
  18.19  -68.73  5.10 
 -18.37 -173.88  5.10 
  -1.83   99.46  5.10 
  -1.85   99.78  5.10 
  18.60  121.09  5.10 
  18.66 -104.14  5.10 
  -1.88   99.72  5.10 
  19.19   95.29  5.10 
  19.22 -108.29  5.10 
  19.23  -64.68  5.10 
 -19.28  -63.96  5.10 
 -19.49  -69.62  5.10 
  19.78  121.94  5.10 
 -19.87 -174.48  5.10 
 -19.87 -176.56  5.10 
  -1.98   99.64  5.10 
 -19.92 -177.72  5.10 
  19.97   93.67  5.10 
 -20.15 -175.84  5.10 
  20.16  122.01  5.10 
 -20.16 -173.83  5.10 
 -20.16  -68.94  5.10 
  20.28  146.49  5.10 
 -20.39 -177.11  5.10 
 -20.55  169.40  5.10 
 -20.55  169.40  5.10 
 -20.55  169.40  5.10 
 -20.60  169.41  5.10 
 -20.63  169.22  5.10 
 -20.63  169.22  5.10 
 -20.63  169.22  5.10 
 -20.83 -174.39  5.10 
 -20.97  169.92  5.10 
 -20.97  169.92  5.10 
 -20.97  169.92  5.10 
  20.98  121.48  5.10 
 -21.08 -178.96  5.10 
  21.15  121.53  5.10 
 -21.25  169.39  5.10 
 -21.33  169.34  5.10 
 -21.43  169.23  5.10 
 -21.46  170.96  5.10 
 -21.50  170.86  5.10 
 -21.66 -173.84  5.10 
 -21.66 -178.53  5.10 
  21.76  143.01  5.10 
  -2.18   99.53  5.10 
  -2.20   99.47  5.10 
 -22.15  174.71  5.10 
  22.15   92.39  5.10 
 -22.47  171.12  5.10 
 -22.49 -176.05  5.10 
 -22.65  -70.37  5.10 
 -22.67  -70.29  5.10 
 -22.97 -176.16  5.10 
 -23.08  -70.07  5.10 
 -23.15  -70.01  5.10 
 -23.15  -70.80  5.10 
  -2.32  139.11  5.10 
  23.34  143.76  5.10 
  23.34  143.76  5.10 
  23.34  143.76  5.10 
  23.39   94.68  5.10 
  23.50  121.71  5.10 
  -2.35  139.10  5.10 
 -23.54  170.23  5.10 
 -23.54  170.23  5.10 
 -23.54  170.23  5.10 
 -23.90   69.53  5.10 
  24.06  122.38  5.10 
   2.48  124.42  5.10 
   2.48   66.27  5.10 
  25.64  125.10  5.10 
  25.64  125.10  5.10 
  25.64  125.10  5.10 
 -25.84 -177.41  5.10 
 -26.14  179.62  5.10 
   2.61   96.04  5.10 
   2.62   94.49  5.10 
   2.63   95.55  5.10 
  26.54  -44.58  5.10 
 -26.63 -176.46  5.10 
   2.67  126.92  5.10 
  26.85  126.77  5.10 
 -26.90  -71.04  5.10 
  27.03  142.91  5.10 
   2.70   95.65  5.10 
   2.71  -84.42  5.10 
  27.46  141.51  5.10 
  27.46  141.51  5.10 
  27.46  141.51  5.10 
  27.58  141.53  5.10 
   2.77  127.41  5.10 
  -2.80  100.91  5.10 
  -2.81  141.72  5.10 
 -28.30  -65.87  5.10 
 -28.41 -177.37  5.10 
 -28.52 -176.97  5.10 
  -2.86  141.37  5.10 
 -28.70  -70.35  5.10 
  -2.87  141.51  5.10 
  28.86  -43.00  5.10 
  28.86  -43.00  5.10 
  28.86  -43.00  5.10 
  28.88  -43.10  5.10 
  28.88  -43.10  5.10 
  28.88  -43.10  5.10 
 -28.93 -177.05  5.10 
  28.99  -43.23  5.10 
  28.99  -43.23  5.10 
  28.99  -43.23  5.10 
  -2.92  100.27  5.10 
  -2.92  101.14  5.10 
  -2.94  141.56  5.10 
  29.43  130.42  5.10 
  29.65   69.52  5.10 
   2.97  127.24  5.10 
 -29.80 -177.69  5.10 
 -29.81 -177.70  5.10 
  30.01  130.18  5.10 
 -30.31 -177.75  5.10 
  -3.03  136.18  5.10 
 -30.42 -177.80  5.10 
 -30.52 -177.57  5.10 
   3.06   96.36  5.10 
 -30.72 -178.60  5.10 
 -30.72 -178.60  5.10 
 -30.72 -178.60  5.10 
  30.88   78.24  5.10 
  30.91  141.65  5.10 
  30.91  141.65  5.10 
  30.91  141.65  5.10 
  -3.10  148.30  5.10 
 -31.32 -179.82  5.10 
  31.38  131.40  5.10 
 -31.53  -71.86  5.10 
 -31.53  -71.86  5.10 
 -31.53  -71.86  5.10 
 -31.58  -71.90  5.10 
  31.68   49.93  5.10 
 -31.68  -69.03  5.10 
  -3.17  -79.01  5.10 
 -31.80  -68.72  5.10 
  32.08   55.90  5.10 
 -32.33 -177.82  5.10 
  -3.26  135.08  5.10 
 -33.03 -178.32  5.10 
 -33.12 -178.51  5.10 
 -33.21 -178.22  5.10 
 -33.46 -179.35  5.10 
  33.83  142.35  5.10 
  33.90  133.45  5.10 
  33.90  133.45  5.10 
  33.90  133.45  5.10 
 -33.91 -178.69  5.10 
  -3.42  -11.96  5.10 
  -3.42  -11.96  5.10 
  -3.42  -11.96  5.10 
  -3.43  101.66  5.10 
 -34.31 -178.50  5.10 
  34.41  141.43  5.10 
  34.70   53.00  5.10 
  -3.47   68.35  5.10 
   3.50  -48.12  5.10 
  35.19  140.83  5.10 
  -3.52  145.12  5.10 
  -3.52  145.12  5.10 
  -3.52  145.12  5.10 
  35.25  140.09  5.10 
  35.29  140.29  5.10 
  -3.59  100.85  5.10 
   3.59  127.51  5.10 
  -3.60  100.83  5.10 
  -3.60  145.05  5.10 
  -3.60  145.05  5.10 
  -3.60  145.05  5.10 
  -3.60  151.23  5.10 
  36.09  -34.09  5.10 
 -36.31  177.53  5.10 
  -3.64  100.72  5.10 
  -3.64  145.28  5.10 
  36.42   71.73  5.10 
 -36.59  177.10  5.10 
  36.73   72.97  5.10 
  37.03   29.23  5.10 
  37.09   71.72  5.10 
  37.10  136.45  5.10 
 -37.52  -17.58  5.10 
  38.01   30.92  5.10 
  38.01   30.92  5.10 
  38.01   30.92  5.10 
   3.81  126.08  5.10 
  38.25   20.33  5.10 
 -38.29  176.42  5.10 
  38.53   21.54  5.10 
  38.53   21.54  5.10 
  38.53   21.54  5.10 
  38.75   48.60  5.10 
  -3.88  126.26  5.10 
  38.86  141.42  5.10 
  39.31   20.16  5.10 
 -39.71  173.98  5.10 
  39.75   20.70  5.10 
  -4.01  101.00  5.10 
  -4.04   39.26  5.10 
 -40.45  174.87  5.10 
 -40.53  -89.90  5.10 
 -40.53  -89.90  5.10 
 -40.53  -89.90  5.10 
 -40.67  -72.23  5.10 
   4.07  126.64  5.10 
  41.12 -124.82  5.10 
   4.11   96.03  5.10 
 -41.24  -85.98  5.10 
 -41.40  -89.07  5.10 
  -4.17  100.62  5.10 
 -42.17  172.04  5.10 
  -4.23  101.20  5.10 
  42.61   75.42  5.10 
  -4.30  143.51  5.10 
  43.75  146.01  5.10 
  -4.38  101.34  5.10 
  -4.43  101.40  5.10 
  44.31  149.17  5.10 
  44.31  149.17  5.10 
  44.31  149.17  5.10 
  44.32  143.97  5.10 
  44.40 -129.76  5.10 
  -4.44  101.31  5.10 
  -4.45  101.36  5.10 
  44.58   78.34  5.10 
 -44.84   35.12  5.10 
   4.51  140.96  5.10 
  -4.52  100.84  5.10 
  45.26  153.18  5.10 
  45.69  154.02  5.10 
 -45.99  -76.37  5.10 
  46.07  154.51  5.10 
 -46.13  -74.96  5.10 
  -4.62  101.36  5.10 
  46.23  153.01  5.10 
  46.43  153.36  5.10 
  46.45  152.99  5.10 
  46.47  154.98  5.10 
  46.60  141.68  5.10 
  -4.66  133.59  5.10 
  46.70  152.48  5.10 
  46.70  155.49  5.10 
  46.81  152.84  5.10 
  46.81  152.84  5.10 
  46.81  152.84  5.10 
  46.92  155.96  5.10 
  -4.70  152.61  5.10 
  47.08  153.44  5.10 
  47.35  155.62  5.10 
  47.71  154.32  5.10 
  48.10  154.98  5.10 
  48.10  154.98  5.10 
  48.10  154.98  5.10 
 -48.65  164.62  5.10 
  49.85   91.68  5.10 
   5.00   97.46  5.10 
  51.14  179.57  5.10 
  51.38 -178.61  5.10 
  51.66  178.79  5.10 
  51.70 -173.51  5.10 
  52.49 -167.95  5.10 
 -52.56   25.99  5.10 
   5.30  126.22  5.10 
  -5.39  151.56  5.10 
 -54.13    7.88  5.10 
 -54.24 -120.77  5.10 
   5.42   94.58  5.10 
   5.43   95.83  5.10 
 -54.41    5.67  5.10 
  54.53 -161.10  5.10 
  54.53 -161.10  5.10 
  54.53 -161.10  5.10 
 -55.03  -26.46  5.10 
 -55.50  146.84  5.10 
  56.07 -161.82  5.10 
   5.64  125.16  5.10 
 -56.46  -27.32  5.10 
   5.72  126.53  5.10 
  -5.76  145.84  5.10 
  -5.85  103.86  5.10 
  -5.95  104.54  5.10 
 -59.83  150.37  5.10 
 -60.37  -26.63  5.10 
  60.93  167.12  5.10 
   6.15  125.39  5.10 
  61.91 -151.13  5.10 
  -6.22  151.54  5.10 
  -6.51  104.56  5.10 
  -6.59   71.53  5.10 
  -6.61  130.21  5.10 
   6.70  126.18  5.10 
  -6.86  155.76  5.10 
  -6.86  155.76  5.10 
  -6.86  155.76  5.10 
  -6.88  154.87  5.10 
  -6.88  154.87  5.10 
  -6.88  154.87  5.10 
  -6.88  155.79  5.10 
  -7.14  103.28  5.10 
  -7.14  155.66  5.10 
  -7.14  155.66  5.10 
  -7.14  155.66  5.10 
  -7.31  128.57  5.10 
  73.27    7.88  5.10 
  -7.35  103.22  5.10 
  -7.44  155.98  5.10 
  -7.44  155.98  5.10 
  -7.44  155.98  5.10 
  -7.50  156.13  5.10 
  -7.50  156.13  5.10 
  -7.50  156.13  5.10 
  -7.60  154.65  5.10 
   7.67   93.65  5.10 
  -7.72  129.26  5.10 
  -7.73  155.70  5.10 
  -7.73  155.70  5.10 
  -7.73  155.70  5.10 
  -7.80  155.78  5.10 
  -7.80  155.78  5.10 
  -7.80  155.78  5.10 
  -7.81  156.55  5.10 
  -7.81  156.55  5.10 
  -7.81  156.55  5.10 
   7.83  126.99  5.10 
   7.83  126.99  5.10 
   7.83  126.99  5.10 
  -7.87  156.56  5.10 
  -7.87  156.56  5.10 
  -7.87  156.56  5.10 
   7.94  126.54  5.10 
   8.01  -38.97  5.10 
  -8.15  156.31  5.10 
   8.16  -39.28  5.10 
  -8.60  149.69  5.10 
  -8.63  157.55  5.10 
  -8.63  157.55  5.10 
  -8.63  157.55  5.10 
  -8.63  157.67  5.10 
  -8.63  157.67  5.10 
  -8.63  157.67  5.10 
  -8.72  157.57  5.10 
   8.76  -39.42  5.10 
  -8.84  157.81  5.10 
  -8.88  157.81  5.10 
  -9.01  118.82  5.10 
   9.12  -40.48  5.10 
   9.19  126.49  5.10 
   9.20   91.52  5.10 
   9.20   91.52  5.10 
   9.20   91.52  5.10 
  -9.29  159.11  5.10 
  -9.51  124.53  5.10 
   9.51  125.76  5.10 
   9.70  126.19  5.10 
   9.72  124.65  5.10 
  -0.01  122.80  5.20 
  -0.01  126.71  5.20 
  -0.04  127.30  5.20 
   0.07  123.67  5.20 
   0.27   96.97  5.20 
  -0.46  -91.22  5.20 
  -0.57  127.47  5.20 
  -0.60  127.48  5.20 
   0.98  126.26  5.20 
  -0.99  126.91  5.20 
  -1.00  120.72  5.20 
   1.01  126.06  5.20 
   1.01  126.31  5.20 
 -10.36  161.14  5.20 
  10.39  145.82  5.20 
  10.40  145.66  5.20 
   1.04  126.40  5.20 
 -10.57  165.96  5.20 
   1.06  126.32  5.20 
  -1.07  127.46  5.20 
 -10.91  166.16  5.20 
 -10.99  162.22  5.20 
 -11.23  118.93  5.20 
  11.26  -86.30  5.20 
  11.26  -86.30  5.20 
  11.26  -86.30  5.20 
   1.13  126.37  5.20 
   1.14  126.12  5.20 
  11.57  -86.67  5.20 
 -11.77  165.70  5.20 
 -11.81   42.08  5.20 
 -11.98  166.58  5.20 
 -11.98  166.58  5.20 
 -11.98  166.58  5.20 
 -12.18   46.48  5.20 
  12.38  141.92  5.20 
  12.52  141.69  5.20 
  12.52  -87.77  5.20 
  12.82  -88.83  5.20 
  12.86  -89.14  5.20 
  13.39  145.48  5.20 
 -13.57  -76.84  5.20 
 -13.62  -76.94  5.20 
 -13.63  -75.78  5.20 
  13.64  -90.65  5.20 
 -13.74  -76.40  5.20 
  14.37   56.47  5.20 
  14.38  145.32  5.20 
 -14.46  -75.98  5.20 
 -14.58  167.30  5.20 
 -14.58  167.30  5.20 
 -14.58  167.30  5.20 
 -15.11  167.39  5.20 
 -15.17 -173.60  5.20 
 -15.20 -177.74  5.20 
 -15.20 -177.74  5.20 
 -15.20 -177.74  5.20 
 -15.31 -173.63  5.20 
 -15.38 -173.17  5.20 
 -15.70  -74.90  5.20 
 -15.89  167.50  5.20 
 -16.08 -178.88  5.20 
 -16.08 -178.88  5.20 
 -16.08 -178.88  5.20 
 -16.63  -73.38  5.20 
 -16.81 -173.64  5.20 
 -17.03 -172.98  5.20 
   1.72 -102.20  5.20 
 -17.52 -174.42  5.20 
  -1.76   99.72  5.20 
 -17.88 -174.91  5.20 
 -17.89 -178.73  5.20 
 -17.92 -173.80  5.20 
 -17.94 -178.54  5.20 
 -17.94 -178.54  5.20 
 -17.94 -178.54  5.20 
  18.03  146.47  5.20 
   1.80   99.32  5.20 
 -18.66  -69.37  5.20 
 -18.66  -69.37  5.20 
 -18.66  -69.37  5.20 
  19.07  121.12  5.20 
 -19.37 -173.13  5.20 
 -19.43 -177.69  5.20 
 -19.47  169.30  5.20 
  -1.94   99.51  5.20 
 -19.82 -173.74  5.20 
 -20.12  172.93  5.20 
 -20.20  173.01  5.20 
 -20.34 -175.60  5.20 
 -20.83  168.68  5.20 
 -20.83  168.68  5.20 
 -20.83  168.68  5.20 
   2.08  -76.50  5.20 
 -21.12 -173.71  5.20 
 -21.16  169.21  5.20 
 -21.16  169.30  5.20 
 -21.20  169.31  5.20 
 -21.24  170.26  5.20 
 -21.31  169.16  5.20 
 -21.31  169.16  5.20 
 -21.31  169.16  5.20 
  -2.13  139.01  5.20 
 -21.32 -174.51  5.20 
 -21.32 -174.51  5.20 
 -21.32 -174.51  5.20 
  21.34 -106.32  5.20 
 -21.49  168.44  5.20 
 -21.53  169.26  5.20 
 -21.54  168.28  5.20 
  21.55   99.91  5.20 
 -21.61 -177.85  5.20 
 -21.70  170.46  5.20 
  21.79  121.50  5.20 
  21.84  143.05  5.20 
 -22.27  -68.35  5.20 
  22.33  -45.09  5.20 
  -2.26  100.46  5.20 
  -2.26  100.53  5.20 
 -22.78  -70.65  5.20 
 -23.06  -70.53  5.20 
  -2.30   99.43  5.20 
 -23.14  -70.47  5.20 
 -23.15  -70.62  5.20 
 -23.24 -177.18  5.20 
  23.57  121.55  5.20 
 -23.95 -179.82  5.20 
  24.37  122.34  5.20 
  25.42 -109.71  5.20 
  -2.56  100.32  5.20 
  25.95 -110.52  5.20 
  25.99 -110.50  5.20 
  26.00 -110.46  5.20 
  26.03 -110.61  5.20 
  -2.61  134.12  5.20 
 -26.14 -179.08  5.20 
  -2.61   99.76  5.20 
 -26.68 -176.07  5.20 
  26.72  128.54  5.20 
  -2.71  100.28  5.20 
  27.11  140.12  5.20 
 -27.15 -176.51  5.20 
  -2.72  101.17  5.20 
   2.72  127.42  5.20 
   2.75  127.54  5.20 
 -27.51  -67.41  5.20 
 -27.55 -178.07  5.20 
 -27.99 -176.79  5.20 
 -28.12  -71.20  5.20 
  28.19   56.22  5.20 
  28.19   56.22  5.20 
  28.19   56.22  5.20 
  -2.83   36.21  5.20 
  -2.87  141.42  5.20 
 -28.85 -176.97  5.20 
  -2.92  141.49  5.20 
  -2.93   36.24  5.20 
 -29.91 -177.55  5.20 
  30.61   69.79  5.20 
 -30.65 -177.56  5.20 
  30.85  141.85  5.20 
  30.85  141.85  5.20 
  30.85  141.85  5.20 
  30.89  141.77  5.20 
 -31.73  -66.96  5.20 
 -31.75  -71.16  5.20 
  -3.24  100.51  5.20 
 -32.47  -71.60  5.20 
  -3.26  100.72  5.20 
  32.67  140.67  5.20 
  -3.29  149.67  5.20 
 -33.09 -179.19  5.20 
 -33.40 -178.55  5.20 
 -33.50 -178.27  5.20 
 -33.67 -178.91  5.20 
 -33.75 -179.40  5.20 
 -34.07 -178.83  5.20 
  34.49  -36.90  5.20 
  34.92   77.49  5.20 
  35.19  141.13  5.20 
 -35.94 -106.25  5.20 
  -3.64  100.77  5.20 
 -36.47  -73.01  5.20 
  37.16  -24.52  5.20 
  37.16  -24.52  5.20 
  37.16  -24.52  5.20 
  37.30   68.90  5.20 
 -37.86   78.00  5.20 
  38.41   97.83  5.20 
  38.41   97.83  5.20 
  38.41   97.83  5.20 
  38.74   25.71  5.20 
 -38.95  175.67  5.20 
  38.97   71.37  5.20 
  39.28   72.77  5.20 
  39.28   72.77  5.20 
  39.28   72.77  5.20 
  39.59   42.86  5.20 
  39.82   70.26  5.20 
  40.33   73.08  5.20 
  41.17   19.90  5.20 
  41.17   19.90  5.20 
  41.17   19.90  5.20 
  41.18  142.71  5.20 
 -41.25  -86.96  5.20 
 -41.80  -16.11  5.20 
  -4.23  101.22  5.20 
  -4.30  101.23  5.20 
  -4.30  101.23  5.20 
  -4.33  101.29  5.20 
  43.52 -127.45  5.20 
  43.71  148.88  5.20 
  44.17  149.12  5.20 
  44.17  149.12  5.20 
  44.17  149.12  5.20 
  44.42  148.77  5.20 
  44.42  148.77  5.20 
  44.42  148.77  5.20 
  -4.47  152.23  5.20 
  -4.47  152.23  5.20 
  -4.47  152.23  5.20 
 -45.16  -72.32  5.20 
  45.74  154.01  5.20 
  46.23  153.65  5.20 
  -4.63  131.36  5.20 
  46.38  153.22  5.20 
  46.48  153.32  5.20 
  46.70  156.58  5.20 
  46.82  155.45  5.20 
  47.14  155.63  5.20 
  48.04  154.97  5.20 
  48.27  154.63  5.20 
  -4.84 -106.01  5.20 
  49.43  155.41  5.20 
  -5.01  151.80  5.20 
  -5.02  153.17  5.20 
  50.26 -177.55  5.20 
  50.69  173.38  5.20 
  51.21 -179.96  5.20 
  52.35 -168.34  5.20 
  52.41 -168.32  5.20 
  52.68  159.48  5.20 
   5.34  126.30  5.20 
  -5.41  152.48  5.20 
  54.13  169.23  5.20 
  54.44  159.32  5.20 
  54.53  161.43  5.20 
 -54.84 -130.77  5.20 
 -55.08 -120.21  5.20 
 -55.31  -28.07  5.20 
 -55.42 -128.71  5.20 
 -55.69 -125.47  5.20 
  -5.57  133.85  5.20 
 -55.99  -27.70  5.20 
 -56.14 -143.71  5.20 
   5.63  -75.89  5.20 
   5.63  -75.89  5.20 
   5.63  -75.89  5.20 
   5.71  119.32  5.20 
  -5.72  130.76  5.20 
 -58.55  149.04  5.20 
 -59.92  -28.23  5.20 
 -60.32  -26.57  5.20 
  60.96  165.48  5.20 
 -61.18  161.25  5.20 
  61.83 -151.72  5.20 
  62.27  171.68  5.20 
 -63.06  150.16  5.20 
  -6.37  101.72  5.20 
   6.47   84.39  5.20 
  -6.52  105.14  5.20 
   6.64  123.91  5.20 
  -6.79  154.96  5.20 
  -6.79  154.96  5.20 
  -6.79  154.96  5.20 
   6.82  123.83  5.20 
  -7.03  156.18  5.20 
  -7.03  156.18  5.20 
  -7.03  156.18  5.20 
  -7.07  105.99  5.20 
  -7.22  155.72  5.20 
  -7.22  155.72  5.20 
  -7.22  155.72  5.20 
  -7.24  155.74  5.20 
  -7.30  156.07  5.20 
  -7.30  156.07  5.20 
  -7.30  156.07  5.20 
  -7.32  155.82  5.20 
  -7.32  155.82  5.20 
  -7.32  155.82  5.20 
  -7.40  156.16  5.20 
  -7.40  156.16  5.20 
  -7.40  156.16  5.20 
  -7.53  156.19  5.20 
  -7.53  156.19  5.20 
  -7.53  156.19  5.20 
  -7.78  155.65  5.20 
  -7.78  155.65  5.20 
  -7.78  155.65  5.20 
  -7.90  155.84  5.20 
  -7.90  155.84  5.20 
  -7.90  155.84  5.20 
   8.69  -39.47  5.20 
  -8.71  157.46  5.20 
  -8.71  157.46  5.20 
  -8.71  157.46  5.20 
   8.78  -39.74  5.20 
   8.79  126.68  5.20 
  -8.80  146.93  5.20 
  -8.84  -74.52  5.20 
  -9.12 -109.43  5.20 
  -9.36  117.99  5.20 
  -9.57 -109.45  5.20 
   9.63  126.23  5.20 
  -9.74  159.68  5.20 
  -0.14  124.42  5.30 
  -0.14  124.42  5.30 
  -0.14  124.42  5.30 
   0.25   97.96  5.30 
   0.40  126.24  5.30 
  -0.41  -91.28  5.30 
  -0.75  127.51  5.30 
   1.00  125.93  5.30 
  10.41  145.81  5.30 
  -1.05  126.91  5.30 
  10.53  145.55  5.30 
   1.08  125.88  5.30 
   1.14  126.13  5.30 
   1.14  126.26  5.30 
  11.67  125.90  5.30 
   1.19  126.24  5.30 
  12.19  143.46  5.30 
   1.22  126.30  5.30 
   1.22  126.30  5.30 
   1.22  126.30  5.30 
  12.23  144.02  5.30 
  13.74  120.82  5.30 
  13.80   57.09  5.30 
 -13.83  166.62  5.30 
  13.87  145.21  5.30 
  14.07  146.54  5.30 
  -1.40  -77.57  5.30 
 -14.07  -76.06  5.30 
  14.09  146.53  5.30 
 -14.13  -76.20  5.30 
  14.15  145.34  5.30 
 -14.43  -76.13  5.30 
  14.83  -87.12  5.30 
 -15.09  -74.00  5.30 
   1.54  126.36  5.30 
 -15.61  167.73  5.30 
 -15.61  167.73  5.30 
 -15.61  167.73  5.30 
 -15.90 -175.29  5.30 
  15.90  -99.05  5.30 
  16.07  -97.24  5.30 
  -1.63  100.44  5.30 
   1.63  116.14  5.30 
 -16.46 -172.03  5.30 
 -16.48   67.33  5.30 
 -16.48   67.33  5.30 
 -16.48   67.33  5.30 
 -16.81  -71.26  5.30 
 -16.81  -71.26  5.30 
 -16.81  -71.26  5.30 
  17.25 -101.30  5.30 
  17.25 -101.30  5.30 
  17.25 -101.30  5.30 
   1.73   97.11  5.30 
 -17.70 -172.92  5.30 
 -17.92 -174.83  5.30 
 -18.04  172.88  5.30 
 -18.04  172.88  5.30 
 -18.04  172.88  5.30 
 -18.50  169.00  5.30 
 -18.62  -69.58  5.30 
  18.74 -107.75  5.30 
  19.03  145.60  5.30 
  19.24   95.61  5.30 
  19.69 -109.45  5.30 
  19.88  121.34  5.30 
  -2.00   99.94  5.30 
 -20.13  173.03  5.30 
  -2.02  128.01  5.30 
 -20.96  169.05  5.30 
 -21.00 -178.70  5.30 
 -21.17  169.19  5.30 
 -21.17   33.26  5.30 
 -21.19   55.66  5.30 
 -21.19   55.66  5.30 
 -21.19   55.66  5.30 
  21.36 -106.30  5.30 
 -21.45  169.68  5.30 
  -2.15  100.12  5.30 
 -21.51  169.15  5.30 
 -21.51  169.15  5.30 
 -21.51  169.15  5.30 
  -2.15   99.82  5.30 
  21.68  120.48  5.30 
 -21.90  169.34  5.30 
 -22.08 -176.46  5.30 
 -22.23  -70.06  5.30 
   2.27   98.00  5.30 
 -22.93  172.19  5.30 
 -23.05  -70.52  5.30 
 -23.15  -70.39  5.30 
  24.85  125.27  5.30 
  25.50 -109.63  5.30 
  25.66  125.32  5.30 
  25.66  125.32  5.30 
  25.66  125.32  5.30 
  25.70  125.31  5.30 
  25.70  125.31  5.30 
  25.70  125.31  5.30 
 -25.73  179.61  5.30 
 -25.97  113.28  5.30 
  26.46  -44.45  5.30 
  26.87   54.69  5.30 
  -2.71   36.29  5.30 
  27.34  141.32  5.30 
  27.39  128.35  5.30 
  -2.76  101.11  5.30 
  -2.77   36.24  5.30 
  28.23  138.94  5.30 
   2.82   95.81  5.30 
  -2.88   36.16  5.30 
  28.99  -43.21  5.30 
  28.99  -43.21  5.30 
  28.99  -43.21  5.30 
 -31.02 -178.07  5.30 
 -31.57  -72.07  5.30 
 -32.01 -177.50  5.30 
  -3.21  100.48  5.30 
 -32.24  -13.92  5.30 
 -32.71  -71.79  5.30 
 -33.05 -178.22  5.30 
 -33.08 -179.34  5.30 
  33.19   90.66  5.30 
  -3.41  101.68  5.30 
   3.49  127.94  5.30 
  35.30   76.75  5.30 
  35.38  140.27  5.30 
  -3.67  144.81  5.30 
  -3.67  144.81  5.30 
  -3.67  144.81  5.30 
  38.54   21.65  5.30 
  38.55   21.64  5.30 
  38.55   21.64  5.30 
  38.55   21.64  5.30 
 -38.73  176.19  5.30 
  -3.90  100.98  5.30 
 -39.21  176.36  5.30 
 -39.56  175.86  5.30 
  40.38 -125.02  5.30 
   4.16  126.79  5.30 
  41.77  143.60  5.30 
  42.44  143.56  5.30 
  42.44  143.56  5.30 
  42.44  143.56  5.30 
  -4.26  101.36  5.30 
  42.88  -31.87  5.30 
 -43.92  -16.28  5.30 
  44.20  149.17  5.30 
  44.20  149.17  5.30 
  44.20  149.17  5.30 
 -45.24  -72.24  5.30 
 -45.31  -72.19  5.30 
  45.93  154.34  5.30 
   4.60  -72.61  5.30 
  46.45  153.55  5.30 
  46.45  153.55  5.30 
  46.45  153.55  5.30 
  46.69  155.04  5.30 
  46.74  141.73  5.30 
  -4.74 -106.11  5.30 
  47.83  154.55  5.30 
   4.80  127.56  5.30 
 -49.14   68.98  5.30 
  49.18  -28.41  5.30 
  49.28  155.46  5.30 
  49.28  155.46  5.30 
  49.28  155.46  5.30 
  -5.07  144.05  5.30 
  51.09 -179.86  5.30 
  51.10 -179.38  5.30 
  51.14 -179.26  5.30 
  51.28 -179.51  5.30 
   5.21   94.26  5.30 
  52.40 -168.21  5.30 
  52.40 -168.21  5.30 
  52.40 -168.21  5.30 
  -5.27  153.65  5.30 
  54.31  168.92  5.30 
  -5.45  101.48  5.30 
  -5.49  151.68  5.30 
  55.47  110.30  5.30 
  -5.61  133.84  5.30 
 -56.19  -27.10  5.30 
 -56.31 -142.30  5.30 
 -56.35  -27.28  5.30 
 -56.66  157.94  5.30 
  -5.67  127.31  5.30 
  58.28 -151.29  5.30 
  -5.83  152.47  5.30 
 -59.13  -26.23  5.30 
 -59.57  -26.30  5.30 
 -60.35  -26.67  5.30 
 -60.39  -26.86  5.30 
  -6.08  129.94  5.30 
 -61.90  155.17  5.30 
  -6.35  154.76  5.30 
  -6.60  130.37  5.30 
  -6.88  155.41  5.30 
  -7.13  155.41  5.30 
  -7.13  155.41  5.30 
  -7.13  155.41  5.30 
   7.14  -72.18  5.30 
  -7.15  156.09  5.30 
  -7.17  -80.61  5.30 
  -7.20  155.69  5.30 
  -7.20  155.69  5.30 
  -7.20  155.69  5.30 
  -7.25  155.65  5.30 
  -7.25  155.85  5.30 
  -7.26  155.74  5.30 
  -7.26  155.74  5.30 
  -7.26  155.74  5.30 
   7.32  -34.68  5.30 
  -7.40  155.45  5.30 
  -7.40  155.45  5.30 
  -7.40  155.45  5.30 
  -7.48  125.87  5.30 
  -8.28  156.99  5.30 
  -8.56  107.85  5.30 
   8.60  -39.43  5.30 
  -9.84  159.63  5.30 
  -9.96  160.91  5.30 
  -0.24  124.36  5.40 
  -0.82  127.47  5.40 
   0.90  126.00  5.40 
   0.94  126.09  5.40 
   1.00  125.90  5.40 
 -10.76  113.36  5.40 
   1.11  126.40  5.40 
   1.12  126.11  5.40 
 -11.77  166.18  5.40 
  11.81  141.87  5.40 
 -11.81  165.76  5.40 
   1.23   67.12  5.40 
  12.99  -89.13  5.40 
 -13.45  -76.72  5.40 
 -14.18  -76.76  5.40 
   1.43  126.17  5.40 
  15.19  -45.62  5.40 
 -15.67 -175.67  5.40 
  -1.57  100.07  5.40 
 -17.06 -174.45  5.40 
 -17.06 -174.45  5.40 
 -17.06 -174.45  5.40 
  17.11  -99.89  5.40 
  17.31  120.20  5.40 
 -17.38  -72.61  5.40 
 -17.80 -178.13  5.40 
 -18.09  172.93  5.40 
 -18.09  172.93  5.40 
 -18.09  172.93  5.40 
  18.20  119.45  5.40 
  19.20  -64.65  5.40 
 -19.21  169.56  5.40 
 -19.25 -179.36  5.40 
 -19.72  -66.45  5.40 
  20.06  121.40  5.40 
  -2.04   99.79  5.40 
 -21.07  169.32  5.40 
 -21.10  169.27  5.40 
 -21.19  169.26  5.40 
 -21.24  169.41  5.40 
 -21.29  169.37  5.40 
  21.88  143.12  5.40 
  22.07  143.11  5.40 
 -22.33  171.47  5.40 
 -22.84  -70.60  5.40 
 -23.05  -70.29  5.40 
  23.30  143.27  5.40 
  23.30  143.27  5.40 
  23.30  143.27  5.40 
 -23.65  179.68  5.40 
   2.38  127.12  5.40 
  24.00  122.49  5.40 
 -25.85  -70.57  5.40 
  26.47  -44.45  5.40 
 -26.59 -114.76  5.40 
  -2.75  141.61  5.40 
  27.80  -44.11  5.40 
 -27.98 -176.73  5.40 
 -27.98 -176.73  5.40 
 -27.98 -176.73  5.40 
  -2.86  101.14  5.40 
  -2.91  141.55  5.40 
 -29.19 -177.42  5.40 
 -29.59  -71.12  5.40 
  -2.97  129.32  5.40 
  -2.99  101.28  5.40 
 -31.68 -178.02  5.40 
 -32.06 -177.53  5.40 
 -32.88  -71.07  5.40 
  -3.31  142.51  5.40 
  33.59  140.81  5.40 
  33.59  140.81  5.40 
  33.59  140.81  5.40 
  34.81  136.24  5.40 
  34.81  136.24  5.40 
  34.81  136.24  5.40 
  35.81   22.43  5.40 
 -36.40  -97.90  5.40 
 -36.40  -97.90  5.40 
 -36.40  -97.90  5.40 
  36.65   26.27  5.40 
  -3.68  100.85  5.40 
  37.19  -24.51  5.40 
  37.19  -24.51  5.40 
  37.19  -24.51  5.40 
  37.26  136.69  5.40 
  -3.74  -81.23  5.40 
  -3.74  -81.23  5.40 
  -3.74  -81.23  5.40 
  37.69   91.77  5.40 
  38.55   21.64  5.40 
  38.55   21.64  5.40 
  38.55   21.64  5.40 
  39.27   20.26  5.40 
  39.28   41.12  5.40 
  40.16   21.53  5.40 
  40.64 -124.87  5.40 
 -41.25  173.55  5.40 
   4.14  126.93  5.40 
 -41.60   80.00  5.40 
 -42.01  -16.25  5.40 
  42.02  140.64  5.40 
 -42.10  172.89  5.40 
 -42.60  -19.66  5.40 
 -42.62   42.03  5.40 
  -4.33  101.26  5.40 
  43.80  147.11  5.40 
  -4.39  102.98  5.40 
  -4.43  102.95  5.40 
  -4.43  102.95  5.40 
  -4.43  102.95  5.40 
  45.92  154.39  5.40 
  46.09  153.68  5.40 
  46.17  153.15  5.40 
  46.54  155.26  5.40 
  46.55  153.15  5.40 
  46.74  152.52  5.40 
  46.76  156.37  5.40 
  46.81  152.63  5.40 
  46.81  156.49  5.40 
  47.16  -27.46  5.40 
  47.16  -27.46  5.40 
  47.16  -27.46  5.40 
  -4.79  152.51  5.40 
  51.10 -179.26  5.40 
  51.45 -178.59  5.40 
  51.64  178.64  5.40 
  52.65 -176.10  5.40 
  52.65 -176.10  5.40 
  52.65 -176.10  5.40 
  53.67 -167.72  5.40 
  -5.37  130.77  5.40 
  -5.37  131.16  5.40 
  -5.37  140.85  5.40 
 -54.07 -133.57  5.40 
 -54.30  158.85  5.40 
 -54.37  159.03  5.40 
  -5.44  101.41  5.40 
  54.50 -161.58  5.40 
   5.45   94.35  5.40 
 -55.07 -129.68  5.40 
 -55.98  -27.93  5.40 
   5.65  125.91  5.40 
 -58.60  -26.24  5.40 
 -59.17  157.95  5.40 
 -61.62  160.46  5.40 
 -61.62  160.46  5.40 
 -61.62  160.46  5.40 
 -62.24  154.90  5.40 
 -62.91  167.98  5.40 
 -62.91  167.98  5.40 
 -62.91  167.98  5.40 
  -6.54  154.72  5.40 
  -6.66  154.65  5.40 
   6.70  -72.95  5.40 
  -7.02  155.32  5.40 
  -7.02  155.32  5.40 
  -7.02  155.32  5.40 
  -7.08  155.24  5.40 
  -7.08  155.24  5.40 
  -7.08  155.24  5.40 
  -7.24  155.68  5.40 
  -7.24  155.68  5.40 
  -7.24  155.68  5.40 
  73.20    6.78  5.40 
  -7.32  155.62  5.40 
  -7.32  155.62  5.40 
  -7.32  155.62  5.40 
  -7.56  127.56  5.40 
  -7.75  157.11  5.40 
  -7.75  157.11  5.40 
  -7.75  157.11  5.40 
  -7.89  119.75  5.40 
   8.31   93.86  5.40 
  -8.33  157.12  5.40 
  -8.33  157.12  5.40 
  -8.33  157.12  5.40 
   8.36   93.60  5.40 
  -8.62  154.41  5.40 
  -8.65  156.99  5.40 
  -8.65  156.99  5.40 
  -8.65  156.99  5.40 
  -8.73  157.45  5.40 
  -8.73  157.45  5.40 
  -8.73  157.45  5.40 
  -8.77  146.99  5.40 
  -8.78  157.40  5.40 
  -8.78  157.40  5.40 
  -8.78  157.40  5.40 
  -9.22  112.39  5.40 
   9.59  126.14  5.40 
  -0.44  124.19  5.50 
  -0.55   99.47  5.50 
   0.83  125.91  5.50 
   1.02  126.26  5.50 
 -10.38  117.01  5.50 
  10.38  125.31  5.50 
   1.04  125.85  5.50 
   1.04  125.97  5.50 
  -1.07  127.42  5.50 
   1.10  126.03  5.50 
   1.10  -85.21  5.50 
  -1.13  126.96  5.50 
  -1.13  126.96  5.50 
  -1.13  126.96  5.50 
 -11.42  166.20  5.50 
  11.51  -86.59  5.50 
 -11.54  166.26  5.50 
 -11.60  166.31  5.50 
   1.22  126.06  5.50 
   1.22  126.35  5.50 
   1.25   97.25  5.50 
   1.28  126.56  5.50 
  12.99   92.53  5.50 
  12.99   92.53  5.50 
  12.99   92.53  5.50 
  13.64  -90.80  5.50 
  14.38  -90.95  5.50 
 -14.79 -173.46  5.50 
 -14.79 -173.46  5.50 
 -14.79 -173.46  5.50 
   1.51  -84.67  5.50 
   1.51  -84.67  5.50 
   1.51  -84.67  5.50 
 -15.42  179.89  5.50 
 -15.97  167.52  5.50 
  17.14 -100.31  5.50 
  17.14 -100.31  5.50 
  17.14 -100.31  5.50 
  -1.72   99.64  5.50 
  -1.77  100.46  5.50 
 -17.71  -71.08  5.50 
 -17.92 -174.68  5.50 
 -19.39 -173.98  5.50 
 -20.14  173.08  5.50 
 -20.67 -175.47  5.50 
 -20.95  -68.36  5.50 
  21.14  122.13  5.50 
  21.14  122.13  5.50 
  21.14  122.13  5.50 
 -21.21  169.39  5.50 
 -21.25  169.40  5.50 
 -21.33  -68.41  5.50 
  -2.13   99.93  5.50 
 -21.55  175.34  5.50 
  22.04  142.98  5.50 
 -22.30  171.54  5.50 
  -2.23   99.95  5.50 
  -2.28  100.45  5.50 
 -22.99  169.97  5.50 
 -23.02 -114.29  5.50 
 -23.03  -68.92  5.50 
 -23.05  -70.47  5.50 
 -23.29  -69.71  5.50 
   2.40  127.08  5.50 
   2.51  126.95  5.50 
  25.68  125.24  5.50 
  25.68  125.24  5.50 
  25.68  125.24  5.50 
  -2.74  136.74  5.50 
  -2.75  100.97  5.50 
 -28.16  -70.78  5.50 
 -28.16  -70.78  5.50 
 -28.16  -70.78  5.50 
  -2.83  101.20  5.50 
  -2.84  100.22  5.50 
  28.65   66.29  5.50 
  -2.88  139.60  5.50 
   3.02  -31.82  5.50 
 -30.99  -13.41  5.50 
  33.90  136.61  5.50 
 -34.02 -178.84  5.50 
 -34.02 -178.84  5.50 
 -34.02 -178.84  5.50 
  34.44   50.83  5.50 
  -3.45  148.67  5.50 
  -3.46  127.25  5.50 
  -3.52  -12.15  5.50 
  -3.54  100.79  5.50 
 -35.52 -103.85  5.50 
  -3.59  100.80  5.50 
 -35.93 -103.10  5.50 
 -37.65   78.07  5.50 
  37.72   21.30  5.50 
  38.39   39.04  5.50 
  38.73   25.72  5.50 
 -38.78  176.30  5.50 
  -4.09  154.45  5.50 
 -41.20   85.53  5.50 
  41.60  141.99  5.50 
   4.17  126.75  5.50 
  42.66  141.86  5.50 
  42.66  141.86  5.50 
  42.66  141.86  5.50 
 -42.98  -71.56  5.50 
  -4.30  101.27  5.50 
 -43.14   41.65  5.50 
  43.47  147.08  5.50 
  -4.39  101.46  5.50 
  44.14  146.01  5.50 
  46.33  155.17  5.50 
  46.48  153.24  5.50 
  46.63  141.77  5.50 
  46.84  155.48  5.50 
  46.88  141.75  5.50 
  48.25  154.20  5.50 
  48.86  154.77  5.50 
   4.92  -82.57  5.50 
  -4.99  153.66  5.50 
  51.50 -179.49  5.50 
 -52.44   17.65  5.50 
 -53.27    9.43  5.50 
  54.52 -161.71  5.50 
   5.56  126.24  5.50 
 -56.90  -24.96  5.50 
   5.93  126.85  5.50 
 -59.97  -26.46  5.50 
 -60.92  -34.07  5.50 
  -6.41 -107.31  5.50 
  -6.76  154.84  5.50 
  -6.76  154.84  5.50 
  -6.76  154.84  5.50 
  -6.83  155.82  5.50 
  -6.83  155.82  5.50 
  -6.83  155.82  5.50 
  -7.06  155.74  5.50 
  -7.09  155.49  5.50 
  -7.09  155.49  5.50 
  -7.09  155.49  5.50 
  -7.29  155.38  5.50 
  -7.29  155.38  5.50 
  -7.29  155.38  5.50 
  -7.37  155.56  5.50 
  -7.37  155.56  5.50 
  -7.37  155.56  5.50 
  -7.79  155.67  5.50 
  -7.79  155.67  5.50 
  -7.79  155.67  5.50 
  -7.84  155.59  5.50 
  -7.84  155.59  5.50 
  -7.84  155.59  5.50 
  -8.00  156.19  5.50 
  -8.00  156.19  5.50 
  -8.00  156.19  5.50 
  -8.21  118.69  5.50 
  -8.25  118.61  5.50 
  -8.31  157.17  5.50 
  -8.31  157.17  5.50 
  -8.31  157.17  5.50 
  -8.37  157.04  5.50 
  -8.37  157.04  5.50 
  -8.37  157.04  5.50 
  -8.92  123.74  5.50 
  -9.16  123.95  5.50 
   9.19  126.12  5.50 
  -9.23  157.43  5.50 
  -9.74  154.63  5.50 
  -9.74  154.63  5.50 
  -9.74  154.63  5.50 
  -0.56  -91.34  5.60 
   0.64   97.23  5.60 
  -0.94  127.19  5.60 
   0.95  125.89  5.60 
   1.02  125.97  5.60 
   1.22  126.50  5.60 
   1.27  122.63  5.60 
   1.28  126.20  5.60 
 -13.26  -76.49  5.60 
  13.26  -87.39  5.60 
 -13.58  -76.59  5.60 
 -13.63  166.56  5.60 
  13.80  -90.75  5.60 
 -14.18  -76.09  5.60 
  -1.42  -77.78  5.60 
 -14.86  166.83  5.60 
 -16.11 -172.62  5.60 
 -16.92 -177.07  5.60 
   1.75   30.76  5.60 
 -17.75  179.87  5.60 
 -17.85 -174.77  5.60 
  19.35 -155.07  5.60 
 -19.59  -69.82  5.60 
 -20.24  169.04  5.60 
 -20.60  -68.75  5.60 
 -20.68 -175.49  5.60 
 -20.77  168.46  5.60 
  21.47   99.78  5.60 
 -21.56 -179.36  5.60 
  21.89  -96.36  5.60 
 -22.26 -179.49  5.60 
 -22.45  -68.63  5.60 
 -22.79  -70.19  5.60 
 -23.10  -70.55  5.60 
  23.67  121.63  5.60 
 -23.77  -69.01  5.60 
 -24.08  -66.63  5.60 
 -24.08  -66.63  5.60 
 -24.08  -66.63  5.60 
  25.92  -45.00  5.60 
   2.61  126.24  5.60 
 -26.26 -178.09  5.60 
  -2.79  101.19  5.60 
  -2.80  141.76  5.60 
 -28.84 -177.01  5.60 
  -2.93  101.38  5.60 
 -30.88  -71.19  5.60 
  31.35   97.79  5.60 
 -31.59  -71.84  5.60 
  -3.16  100.38  5.60 
 -31.84  179.76  5.60 
 -31.84  179.76  5.60 
 -31.84  179.76  5.60 
 -32.39  -71.45  5.60 
 -32.39  -71.45  5.60 
 -32.39  -71.45  5.60 
  -3.25  100.53  5.60 
  -3.26  101.35  5.60 
  33.79  -38.47  5.60 
 -34.12 -178.95  5.60 
  35.27   27.12  5.60 
  35.34  -35.94  5.60 
  -3.59  100.86  5.60 
  37.43 -121.77  5.60 
   3.78   96.34  5.60 
  38.94   70.49  5.60 
  -3.94 -104.03  5.60 
  39.41   33.09  5.60 
  42.16  144.00  5.60 
 -42.16  172.88  5.60 
  42.91   82.38  5.60 
 -45.91  -76.28  5.60 
  -4.61 -105.14  5.60 
 -46.36   96.18  5.60 
 -46.38   96.00  5.60 
  46.90  151.77  5.60 
  47.00  153.43  5.60 
  47.00  153.43  5.60 
  47.00  153.43  5.60 
  47.05  155.53  5.60 
 -49.05  164.31  5.60 
  49.69  154.29  5.60 
  -5.02  153.63  5.60 
  50.84 -179.29  5.60 
  51.17 -179.80  5.60 
 -51.82  161.36  5.60 
  52.39 -168.39  5.60 
 -54.00    6.08  5.60 
 -54.00    6.08  5.60 
 -54.00    6.08  5.60 
  54.42 -161.70  5.60 
 -55.17 -129.21  5.60 
 -55.31  -29.38  5.60 
 -55.48 -127.99  5.60 
 -55.76  -27.02  5.60 
 -55.79 -123.45  5.60 
 -57.72 -141.45  5.60 
 -57.91  -64.53  5.60 
   5.98  127.47  5.60 
   6.18   94.40  5.60 
  -6.32  154.83  5.60 
  -6.36  130.17  5.60 
  -6.59  154.76  5.60 
  -6.74  154.89  5.60 
  -6.74  154.89  5.60 
  -6.74  154.89  5.60 
  -6.82  154.99  5.60 
  -6.82  154.99  5.60 
  -6.82  154.99  5.60 
  -7.03  155.24  5.60 
  -7.03  155.24  5.60 
  -7.03  155.24  5.60 
  -7.07  -11.71  5.60 
  -7.07  155.24  5.60 
  -7.07  155.24  5.60 
  -7.07  155.24  5.60 
  -7.12  155.13  5.60 
  -7.17  156.05  5.60 
  -7.17  156.05  5.60 
  -7.17  156.05  5.60 
   7.18  -72.13  5.60 
  -7.26  155.41  5.60 
  -7.26  155.41  5.60 
  -7.26  155.41  5.60 
  -7.26  155.89  5.60 
  -7.35  128.40  5.60 
  -7.82  107.19  5.60 
  -7.85  156.48  5.60 
  -7.85  156.48  5.60 
  -7.85  156.48  5.60 
  -8.13  117.86  5.60 
  -8.55  157.53  5.60 
  -8.55  157.53  5.60 
  -8.55  157.53  5.60 
  -8.75  157.64  5.60 
  -8.75  157.64  5.60 
  -8.75  157.64  5.60 
  -9.55  118.80  5.60 
  -9.78  154.12  5.60 
  -0.26  -18.17  5.70 
   0.43   97.31  5.70 
 -11.55  166.28  5.70 
  12.51   47.46  5.70 
  -1.36  -13.29  5.70 
 -13.63  -76.50  5.70 
 -14.62  177.77  5.70 
 -14.84  166.79  5.70 
   1.49  127.04  5.70 
  15.28  -93.36  5.70 
 -15.38 -173.16  5.70 
 -15.46 -176.18  5.70 
 -15.77  -74.93  5.70 
 -16.42 -172.64  5.70 
 -17.00 -176.94  5.70 
 -17.00 -176.94  5.70 
 -17.00 -176.94  5.70 
 -17.31 -172.26  5.70 
 -17.82 -173.23  5.70 
  18.65 -101.70  5.70 
  -1.90   99.82  5.70 
 -19.39 -173.87  5.70 
   1.94  126.44  5.70 
 -20.51  169.17  5.70 
 -20.66  169.70  5.70 
 -20.71 -177.40  5.70 
 -21.16  169.24  5.70 
 -21.21 -178.62  5.70 
  21.78  121.43  5.70 
 -22.05  174.62  5.70 
  22.58  121.10  5.70 
 -23.22  -70.53  5.70 
  -2.55  136.34  5.70 
  25.73  125.15  5.70 
  25.73  125.15  5.70 
  25.73  125.15  5.70 
 -26.08 -177.73  5.70 
 -29.13 -177.13  5.70 
   2.92   95.54  5.70 
  30.13  -42.59  5.70 
 -30.24 -177.86  5.70 
  30.93  141.67  5.70 
  30.93  141.67  5.70 
  30.93  141.67  5.70 
 -32.00  -71.34  5.70 
  32.35  137.61  5.70 
  32.35  137.61  5.70 
  32.35  137.61  5.70 
  -3.27  143.76  5.70 
  -3.60  144.43  5.70 
  -3.63  144.27  5.70 
  37.50  138.47  5.70 
  -3.78  101.83  5.70 
  38.32   39.28  5.70 
  38.34   20.42  5.70 
  39.42   33.16  5.70 
  43.54 -127.41  5.70 
 -44.77   35.49  5.70 
 -45.34  -72.32  5.70 
  51.24 -179.00  5.70 
  52.08 -131.56  5.70 
  52.35  -31.81  5.70 
 -55.09 -129.42  5.70 
 -55.25 -129.34  5.70 
 -55.60 -128.52  5.70 
 -60.18  -26.73  5.70 
 -60.69  154.09  5.70 
 -62.69  155.71  5.70 
   6.34  -82.71  5.70 
 -67.03  111.20  5.70 
  -7.31  155.76  5.70 
  -7.32  151.91  5.70 
  -7.32  155.86  5.70 
  -7.33  155.65  5.70 
  -7.33  155.65  5.70 
  -7.33  155.65  5.70 
   7.40  126.44  5.70 
   7.40  126.44  5.70 
   7.40  126.44  5.70 
  74.26    8.71  5.70 
  -7.53  156.05  5.70 
  -7.53  156.05  5.70 
  -7.53  156.05  5.70 
  -8.28  116.81  5.70 
  -9.71  154.66  5.70 
  -9.71  154.66  5.70 
  -9.71  154.66  5.70 
   1.01  126.31  5.80 
  10.45  145.74  5.80 
  10.52  145.59  5.80 
 -11.43   66.25  5.80 
   1.15  126.41  5.80 
 -13.35  -76.60  5.80 
  13.84  -90.77  5.80 
   1.41  125.76  5.80 
   1.41  125.76  5.80 
   1.41  125.76  5.80 
 -14.23  -75.94  5.80 
 -15.59 -173.07  5.80 
 -15.69  -74.89  5.80 
 -18.86 -178.37  5.80 
 -19.45  -69.12  5.80 
 -19.51 -179.33  5.80 
 -19.72  -70.14  5.80 
 -20.07 -174.52  5.80 
  -2.00   99.90  5.80 
 -20.21  173.09  5.80 
 -20.61 -175.65  5.80 
 -21.05  169.83  5.80 
 -21.28  169.26  5.80 
 -21.40  169.19  5.80 
 -23.00 -175.00  5.80 
 -23.06  -70.60  5.80 
 -24.81  -68.47  5.80 
  -2.78  141.72  5.80 
  -2.80  141.66  5.80 
  -2.85  139.57  5.80 
   2.90   95.52  5.80 
  -3.14  101.40  5.80 
 -31.60  -71.71  5.80 
  -3.32  146.35  5.80 
  43.54  146.74  5.80 
  43.66  144.73  5.80 
  -4.42  100.95  5.80 
 -44.81  167.50  5.80 
  45.57  153.76  5.80 
  46.71  141.72  5.80 
  48.30  154.70  5.80 
  48.30  154.70  5.80 
  48.30  154.70  5.80 
  50.24 -177.57  5.80 
  52.36 -168.01  5.80 
 -53.81  140.79  5.80 
  55.76 -156.06  5.80 
 -56.35 -142.50  5.80 
  -5.65  151.56  5.80 
  59.42 -137.12  5.80 
  -6.27   29.67  5.80 
 -63.34  169.92  5.80 
 -63.34  169.92  5.80 
 -63.34  169.92  5.80 
  -6.72  130.91  5.80 
  -6.82  130.03  5.80 
  -6.97  155.94  5.80 
  -6.97  155.94  5.80 
  -6.97  155.94  5.80 
  -7.17  155.11  5.80 
  -7.26  155.51  5.80 
  -8.52  156.74  5.80 
  -8.52  156.74  5.80 
  -8.52  156.74  5.80 
   0.01  126.81  5.90 
 -13.10  167.05  5.90 
 -13.60  -76.60  5.90 
 -13.63  -76.62  5.90 
  16.08  119.85  5.90 
  -1.69   99.67  5.90 
   1.72   30.83  5.90 
 -17.23   66.79  5.90 
 -17.23   66.79  5.90 
 -17.23   66.79  5.90 
   1.96   97.91  5.90 
   1.98   97.88  5.90 
 -20.07 -178.08  5.90 
 -20.07 -178.08  5.90 
 -20.07 -178.08  5.90 
   2.09   96.81  5.90 
 -21.33  169.14  5.90 
 -21.97  173.49  5.90 
 -22.79  -70.77  5.90 
 -24.22  -67.03  5.90 
  -2.50  136.33  5.90 
  26.15 -110.42  5.90 
  27.29  126.84  5.90 
  -2.73   36.36  5.90 
  27.34  126.90  5.90 
  27.47  128.38  5.90 
  27.47  128.38  5.90 
  27.47  128.38  5.90 
  -2.81  101.16  5.90 
  -2.86  141.32  5.90 
 -29.59 -112.05  5.90 
  -3.08  138.73  5.90 
  -3.16  101.46  5.90 
  -3.16  148.22  5.90 
  -3.27  100.54  5.90 
  -3.39   86.78  5.90 
  34.89  138.64  5.90 
 -36.21 -100.15  5.90 
  37.39  141.59  5.90 
 -39.79   46.18  5.90 
 -39.79   46.18  5.90 
 -39.79   46.18  5.90 
  -4.24  101.22  5.90 
  -4.47  149.85  5.90 
  -4.63  151.87  5.90 
   4.74   95.06  5.90 
  -5.00  144.98  5.90 
  52.51 -168.35  5.90 
  -5.30  129.47  5.90 
  -5.39  140.88  5.90 
  -5.46  146.11  5.90 
  -5.49  101.45  5.90 
  55.21  161.86  5.90 
  -5.53  130.43  5.90 
 -55.37 -123.64  5.90 
 -55.37 -123.64  5.90 
 -55.37 -123.64  5.90 
 -56.06  -27.73  5.90 
 -56.08 -123.31  5.90 
 -57.62 -147.30  5.90 
  -5.93  130.56  5.90 
 -62.02  -66.03  5.90 
  -6.95  155.77  5.90 
  -6.95  155.77  5.90 
  -6.95  155.77  5.90 
  -6.96  155.87  5.90 
  -7.36  155.36  5.90 
  -7.36  155.36  5.90 
  -7.36  155.36  5.90 
  -9.99  109.67  5.90 
 -10.49  108.15  6.00 
 -11.38  166.27  6.00 
 -13.81  -76.29  6.00 
 -14.35  -76.13  6.00 
  16.35  -93.99  6.00 
  17.30 -100.20  6.00 
  17.30 -100.20  6.00 
  17.30 -100.20  6.00 
  -1.74   99.48  6.00 
 -19.15  168.72  6.00 
  19.31   95.61  6.00 
  -2.24  100.41  6.00 
  22.56  121.93  6.00 
 -22.64  -66.32  6.00 
 -23.15  -70.49  6.00 
  25.62  125.04  6.00 
  25.62  125.04  6.00 
  25.62  125.04  6.00 
  26.26 -110.54  6.00 
  26.58  -44.59  6.00 
  -2.75  100.89  6.00 
 -30.03 -177.93  6.00 
 -30.66 -178.20  6.00 
 -32.67  -71.59  6.00 
  -3.32  139.83  6.00 
  34.25   81.97  6.00 
  -3.65  127.28  6.00 
  41.79  143.55  6.00 
  43.99  147.89  6.00 
   4.55  -78.54  6.00 
  46.91  156.28  6.00 
  -4.80 -105.41  6.00 
  -4.81  152.89  6.00 
  51.42 -178.38  6.00 
  51.84 -176.28  6.00 
  53.64  169.70  6.00 
 -61.83  160.96  6.00 
 -61.83  160.96  6.00 
 -61.83  160.96  6.00 
 -62.97  145.31  6.00 
  -6.31  154.77  6.00 
  -6.91  155.67  6.00 
  -7.14  156.05  6.00 
  -7.14  156.05  6.00 
  -7.14  156.05  6.00 
  -7.30  155.68  6.00 
  -7.30  155.68  6.00 
  -7.30  155.68  6.00 
  -7.53  127.47  6.00 
  -1.07  127.34  6.10 
 -13.84  166.84  6.10 
 -13.84  166.84  6.10 
 -13.84  166.84  6.10 
 -15.21 -172.39  6.10 
 -15.38  168.60  6.10 
 -17.46 -174.34  6.10 
  -1.79   99.49  6.10 
  18.73  147.14  6.10 
 -19.41 -179.32  6.10 
 -21.23  169.20  6.10 
 -21.46  170.94  6.10 
 -22.87  -70.41  6.10 
 -22.92  -70.48  6.10 
  -2.38  139.09  6.10 
  25.72  125.09  6.10 
  25.72  125.09  6.10 
  25.72  125.09  6.10 
 -26.21 -177.74  6.10 
 -26.30 -177.74  6.10 
   2.92   95.70  6.10 
   2.92   95.70  6.10 
   2.92   95.70  6.10 
  29.91  140.20  6.10 
  -3.16  101.53  6.10 
 -35.05 -108.84  6.10 
 -35.05 -108.84  6.10 
 -35.05 -108.84  6.10 
  -3.55  151.27  6.10 
  -3.55  151.27  6.10 
  -3.55  151.27  6.10 
  37.31  -24.49  6.10 
  37.31  -24.49  6.10 
  37.31  -24.49  6.10 
  38.50  142.02  6.10 
  -3.92  -79.21  6.10 
  39.80   70.31  6.10 
  43.22  133.53  6.10 
 -44.79  167.46  6.10 
 -44.85  -80.45  6.10 
 -45.38  -73.06  6.10 
 -45.38  -73.06  6.10 
 -45.38  -73.06  6.10 
  -4.59  151.84  6.10 
  46.01  154.23  6.10 
  52.48 -168.05  6.10 
 -55.47 -128.97  6.10 
   5.56  126.07  6.10 
  -5.93  107.68  6.10 
 -60.55  153.79  6.10 
 -60.79  -20.21  6.10 
 -60.79  -20.21  6.10 
 -60.79  -20.21  6.10 
   7.16   92.52  6.10 
  -7.22  156.24  6.10 
  -7.22  156.24  6.10 
  -7.22  156.24  6.10 
  -7.86  155.80  6.10 
  -7.86  155.80  6.10 
  -7.86  155.80  6.10 
  -7.93  -74.38  6.10 
  -9.51  156.93  6.10 
  -9.51  156.93  6.10 
  -9.51  156.93  6.10 
  -0.16  -17.80  6.20 
  10.12   58.71  6.20 
   1.06  126.35  6.20 
   1.13  126.22  6.20 
  -1.41  -14.91  6.20 
  19.37  -78.52  6.20 
 -20.63  168.99  6.20 
 -20.63  168.99  6.20 
 -20.63  168.99  6.20 
 -23.16  -70.45  6.20 
  24.34  122.22  6.20 
   2.54   92.90  6.20 
 -30.97  180.00  6.20 
  -3.32  146.76  6.20 
  35.80  -10.31  6.20 
  36.45   70.69  6.20 
  36.45   70.69  6.20 
  36.45   70.69  6.20 
  47.12  141.80  6.20 
  52.01 -179.97  6.20 
  52.01 -179.97  6.20 
  52.01 -179.97  6.20 
 -55.24  -29.14  6.20 
 -55.42  -29.53  6.20 
 -55.88 -122.72  6.20 
 -56.08 -123.27  6.20 
 -58.22   -7.61  6.20 
   8.08   92.44  6.20 
  -8.13  -71.27  6.20 
  -8.62  157.39  6.20 
  -8.62  157.39  6.20 
  -8.62  157.39  6.20 
  -8.71  157.62  6.20 
  -8.71  157.62  6.20 
  -8.71  157.62  6.20 
  -0.49  100.53  6.30 
   0.71  -30.27  6.30 
 -14.28  -76.13  6.30 
 -18.58 -177.85  6.30 
 -21.10  169.28  6.30 
 -21.18 -178.75  6.30 
  23.03  101.05  6.30 
  24.91 -109.69  6.30 
  25.71  125.11  6.30 
  25.71  125.11  6.30 
  25.71  125.11  6.30 
  -3.57  150.95  6.30 
 -36.76  -97.40  6.30 
  37.31  -24.62  6.30 
  37.31  -24.62  6.30 
  37.31  -24.62  6.30 
   3.80  126.33  6.30 
  -4.07  101.17  6.30 
 -45.24  -72.65  6.30 
 -45.24  -72.65  6.30 
 -45.24  -72.65  6.30 
  45.84  150.06  6.30 
  51.34 -178.98  6.30 
   5.36   94.64  6.30 
   5.36   94.64  6.30 
   5.36   94.64  6.30 
  54.51 -161.71  6.30 
  -7.01  -80.49  6.30 
  -0.49  100.50  6.40 
 -14.28  166.86  6.40 
 -14.28  166.86  6.40 
 -14.28  166.86  6.40 
  20.50  100.75  6.40 
 -20.72  168.83  6.40 
 -20.72  168.83  6.40 
 -20.72  168.83  6.40 
 -21.20  169.36  6.40 
 -22.15  -65.78  6.40 
   4.59  -78.49  6.40 
  50.32 -177.55  6.40 
  52.14  157.29  6.40 
  52.61 -168.20  6.40 
  -5.26  129.43  6.40 
 -58.01  147.96  6.40 
 -58.01  147.96  6.40 
 -58.01  147.96  6.40 
  -6.64  131.10  6.40 
  -7.76  156.49  6.40 
  -7.76  156.49  6.40 
  -7.76  156.49  6.40 
 -19.40 -179.35  6.50 
 -20.69  169.06  6.50 
 -20.69  169.06  6.50 
 -20.69  169.06  6.50 
 -25.19  179.46  6.50 
 -29.78 -178.00  6.50 
 -51.78  161.32  6.50 
 -55.65   -2.63  6.50 
   6.13  127.38  6.50 
   8.04  -39.25  6.50 
  -8.23  118.45  6.50 
  -8.28  118.34  6.50 
  20.98  144.71  6.60 
 -21.13  169.37  6.60 
 -25.77  179.53  6.60 
  37.53  138.45  6.60 
 -38.86  178.52  6.60 
  -7.17  155.78  6.60 
  -7.17  155.78  6.60 
  -7.17  155.78  6.60 
  -1.03  126.98  6.70 
 -10.95  162.15  6.70 
  13.55  -90.62  6.70 
 -22.92  -70.07  6.70 
 -49.14  164.11  6.70 
  -4.99  153.50  6.70 
  51.31 -179.97  6.70 
  -5.76  147.10  6.70 
  -7.97  154.63  6.70 
  -9.83  159.47  6.70 
  -2.00  100.14  6.80 
 -22.92  -70.24  6.80 
  -2.31  -77.84  6.80 
   2.98  -77.97  6.80 
  36.81  134.85  6.80 
  37.34  136.59  6.80 
 -44.78  167.58  6.80 
   2.87  127.46  6.90 
  -3.90  101.02  6.90 
 -54.74  146.30  6.90 
  -7.31  155.74  6.90 
  -7.31  155.74  6.90 
  -7.31  155.74  6.90 
 -20.62  169.36  7.10 
 -20.75  169.35  7.10 
  51.37 -179.55  7.10 
 -15.60  167.68  7.20 
  18.90  145.36  7.20 
  -2.13   99.63  7.20 
 -11.61  165.76  7.30 
  14.97  -61.26  7.40 
  22.00  142.65  7.40 
 -49.27  164.12  7.40 
   1.07  126.28  7.50 
  -5.86  107.42  7.50 
 -22.25  -69.89  7.70 
  -2.62  100.84  8.10 
  -8.47  157.04  8.10 
  -8.47  157.04  8.10 
  -8.47  157.04  8.10 
  46.24  154.52  8.20 
  -4.44  101.37  8.50 
