0.0	76.10
1.0	75.60
8.0	72.78
9.6	72.25
10.3	71.66
10.8	71.22
13.2	70.42
14.4	69.95
16.0	69.58
18.5	68.86
20.9	68.23
27.5	66.53
29.6	66.00
31.4	65.79
33.9	64.94
43.1	62.83
43.4	62.96
45.3	62.26
47.2	61.81
50.1	61.01
50.3	60.63
50.9	60.55
55.1	59.94
59.2	58.80
61.8	58.29
63.7	58.20
65.4	57.76
70.2	57.35
73.6	56.87
74.3	56.20
74.8	56.85
76.4	56.15
80.9	55.89
83.5	55.55
85.3	55.22
87.7	55.04
89.6	54.87
91.3	54.78
94.5	54.50
95.7	54.24
98.4	54.01
100.8	53.86
103.9	53.66
104.5	53.49
109.9	53.18
115.0	52.55
125.4	51.80
126.5	51.59
134.1	51.41
