-61.1333	35.5833	50	122.014
-61.25	35.5833	55	122.6
-29.5833	51.3	260	2.56461
-24.0833	53.8833	65	63.2713
-39.9	0.2	45	84.13
-40.9167	2.5	58	61.0147
-41.0167	5.0667	78	50.5946
-41.0667	6.9833	85	41.5893
-41.35	10.75	141	5.00852
-57.1	14.2333	67	82.8901
-66.4167	20.8167	64	108.003
-66.6	23.2333	57	111.65
-67.1	21.5667	70	111.65
-65.8833	19.8333	49	108.9
-74.4	32.5833	43	173.361
-74.8167	32.7833	44	175.466
-70.0417	23.3333	47	128.81
-72.3083	23.4667	49	153.33
-73.2667	25.225	45	155.006
-72.2167	26.9833	46	152.135
-69.0167	25.3	49	125.924
-67.9	23.6167	44	116.89
-68.85	21.7833	53	125.536
-67.3833	20.3667	74	115.706
-66.6167	21.9	50	110.187
-65.6167	23.6667	47	108.8
-64.5667	25.4833	46	107.498
-66.6667	25.4417	51	115.38
-67.9333	27.0833	45	124.25
-69.0833	28.7333	49	136.92
-66.8333	28.85	50	121.445
-64.65	28.9	47	110.739
-67.9667	30.45	44	133.034
-74.15	32.0333	34	170.994
-74.6	30.9333	39	169.89
-76.3667	29.1667	49	178.63
-57.6333	16.75	11	73.3575
-57.8167	16.7833	13	71.6394
-57.8667	16.5667	45	75.4698
-57.9	16.5833	43	75.6293
-58.4	16.95	20	73.5213
-58.6167	16.3	47	80.6837
-11.0333	0.05	61	27.5664
-11.2333	0.4333	75	27.65
-11.4667	0.8667	6	46.7674
-12.2	2.6333	57	80.9597
-12.75	5.0167	65	103.338
-17.1333	7.4	58	96.6501
-19.3	6.7833	40	84.5522
-20.8167	6.35	51	73.8672
-25.25	5.1167	83	44.9244
-30.8667	3.35	16	2.77048
-31	3.3	112	2.01
-31.5833	3.25	96	2.1518
-34.0667	3.95	78	9.46889
-32.85	5.7	213	0.95875
-32.4667	5.9833	219	6.39078
-34.3833	8.4333	65	38.0898
-37.6667	9.65	10	21.136
-39.5333	9.5667	55	8.89036
-40.8167	9.6833	71	0.469396
-41.3	9.75	71	3.99125
-44.05	11.5833	100	2.33785
-44.8	11.5667	35	7.82001
-45.55	11.5667	96	13.2356
-46.2167	12.2833	19	16.1253
-58.3167	14.9833	30	83.3419
-59.9667	15.0667	30	92.19
-65.4333	39.1833	46	167.861
-70.25	34.8333	34	158.825
-71.7167	13.9833	63	148.151
-76.5333	14.1833	50	135.621
-73.8333	14.8333	42	142.75
-70.95	14.6	42	148.609
-65.825	39.5333	45	172.192
-66.2833	39.55	63	173.989
-65.2583	39.7833	43	172.225
-65.15	39.4417	47	168.857
-66.4667	39.7667	48	176.49
-78.2667	4.9333	256	21.249
-68.4167	26.4667	46	125.244
-67.55	38.75	45	169.915
-65.4333	39.1833	46	167.861
-70.25	34.8333	35	158.825
-71.3167	32.6	48	159.359
-68.1	28.3333	56	128.25
-68.45	27.4667	37	127.971
-67.1833	24.2667	49	115.36
-66.1	26.8	62	115.44
-71.7833	24.9167	55	147.862
-68.05	27.1333	57	124.885
-68.1833	28	78	128.041
-55.45	35.35	61	103.999
-58.35	31.8333	45	95.9249
-64.3833	33.2167	47	119.807
-63.55	35.8667	47	140.133
-65.8333	36.7333	60	152.11
-68.2833	38.2833	44	167.31
-69.1167	36.4833	42	158.613
-72.15	33.6333	47	165.861
-75.2	33.3167	49	178.668
-73	29.1667	42	158.81
-73.3333	29.3333	42	160.4
-72.2833	29.5	41	156.104
-72.5667	29.4833	36	157.507
-72.75	29.4	38	158.443
-58.8667	13.4833	42	94.281
-55.9833	13.4833	57	78.2033
-51.1167	13.7333	50	46.7323
-44.1667	4.9	41	70.3902
-44.2167	6.2	88	70.4582
-38.3333	2.2833	46	46.4342
-37.0833	0.5667	63	67.2346
-2.6667	1.4333	75	68.3191
-5.25	1.55	60	62.1666
-5.95	1.4333	58	57.7561
-5.6167	1.65	62	60.7671
-5.3167	2	59	65.5281
-5.15	2.15	61	68.3193
-15.05	3.65	60	90.0612
-17.4833	4.65	68	79.204
-22.75	8.3	67	89.8006
-25.3667	10.25	58	98.5805
-27.7833	12.7833	53	104.888
-30.0333	15.5333	56	98.7402
-4.7833	2.3167	49	75.3919
-38.3	4.6667	227	35.03
-35.8333	2.4167	65	32.0598
-38.8333	26.3667	106	38.6201
-41.4	29.0167	134	13.2192
-48.2667	33.3	52	54.6202
-43.2	10.8	112	9.06
-35.9333	2	26	32.7498
-30.1333	8.4667	23	62.3303
-32.4167	11.9833	40	76.3432
-34.4667	14.2	29	77.7698
-38.1667	19.0667	42	51.7298
-39.85	21.0667	35	40.7981
-43.65	23.3667	96	16.2914
-55.0333	30.45	20	77.7955
-79.8833	5.9	155	8.27503
-79.8833	5.8833	147	8.29038
-23.215	43.0817	87	39.679
-17.22	43.0633	90	76.0667
-43.6133	45.9267	103	111.385
-34.215	48.8617	88	42.5331
-34.125	48.8583	52	41.9642
-27.8	42.95	22	8.84
-27.8	42.95	27	8.84
-28.4167	43.1	230	4.63918
-28.3667	43.15	251	4.7954
-29.0667	43.2167	301	0.403677
-29.2667	43.0167	27	0.385008
-29.4	43.25	147	2.0075
-19.9667	42.85	11	57.9322
-58.4667	16.8917	45	73.8626
-57.75	15.9917	57	76.8503
-57.6333	16.85	70	71.015
-57.6333	16.9167	62	69.7824
-57.7167	17.5917	50	70.4252
-65.1833	17.35	54	150.916
-65.0333	17.1167	54	151.126
-66.4833	16.1	48	150.046
-71.7167	13.9833	75	148.151
-76.5333	14.1833	60	135.621
-73.8333	14.8333	50	142.75
-73.2833	15.3833	72	144.284
-72.8	16.1333	51	145.23
-70.95	14.6	50	148.609
-76.9167	13.2	71	134.164
-74.8833	14	56	140.156
-72.5667	14.55	57	145.061
-69.7667	14.1667	65	148.53
-71.083	14.217	57	148.545
-70.8333	14.6333	42	148.68
-67.6167	13.7833	56	149.502
-77.2333	14.45	116	134.529
-74.4833	16.2833	42	141.385
-72.9167	17.1333	49	145.079
-72.2167	17.5667	51	146.52
-21.6833	34.45	64	94.3372
-25.7167	31.25	61	92.2062
-21.8	42.1167	58	50.3744
-22.9833	33.5	55	91.8752
-24.4667	31.5167	54	96.3784
-23.4667	46.5	30	25.7196
-30	52.35	114	9.5125
-70.3333	16.2667	50	146.64
-23.85	41.8	33	38.765
-68.6667	16.8333	71	143.04
-29.3333	33.9333	48	50.9203
-69.1833	15.3833	53	147.093
-65.9333	13.55	61	151.169
-28.5333	59.6167	52	7.04491
-28.75	59.7333	58	5.13462
-28.9667	59.7917	34	3.67981
-29.1333	59.875	281	2.25539
-29.2667	59.8833	62	1.56758
-59.6333	14.3	59	94.8498
-58.4167	14.2333	30	88.1703
-57.4	14.2167	65	84.0999
-52.55	14.3	61	49.2819
-50.6667	14.25	39	39.9302
-47.0333	13.9	50	15.4998
-46.1333	13.35	106	9.07415
-42.85	13.2667	13	15.7331
-43.9	13.3833	69	8.22436
-44.6333	13.4	175	2.13028
-45.4	13.3667	80	3.58
-44.5667	12.9667	460	2.34976
-44.7667	12.95	97	0.688525
-45.9667	13	16	8.07026
-46.9167	13.0333	68	14.6852
-49.75	13.0667	35	39.4859
-51.3167	13.1	57	50.6539
-54.25	12.25	56	82.7966
-44.1667	10.8333	121	17.4841
-44.6333	10.3667	39	25.8696
-42.9333	10.8	126	7.65982
-42.7833	9.6	98	14.7691
-41.8333	9.8167	18	8.03661
-42.7167	11.5333	55	8.03162
-46.1667	11.95	28	17.6659
-48.4167	11.9	67	37.8234
-59.1167	18.05	56	76.5758
-44.8667	10.5667	20	27.3003
-44.1333	10.9167	124	8.33024
-44.1333	10.85	135	14.9839
-42.8333	11.0833	22	7.04583
-42.85	10.3667	212	13.78
-40.5667	10	181	2.04973
-41.2833	11.1	43	17.8708
-42.0333	11.35	96	12.9152
-45.2667	11.75	59	11.2646
-47.0667	11.9667	172	23.6302
-60.5333	21.4667	58	86.3899
-61.7	24.55	74	95.095
-71.7	34.4333	43	163.82
-72.6667	22.7	28	159.121
-73.8333	24.65	54	166.8
-77.3	13.8333	191	134.01
-77.0667	10	67	131.52
-43.3	2.35	50	74.81
-51.1	8.0333	69	89.0802
-68.9667	22.5167	67	119.875
-71.5667	24.35	36	145.741
-73.8167	24.8667	75	166.414
-29.2767	59.8283	65	1.91661
-74.85	12.8833	51	140.143
-71.6667	15.6167	27	148.066
-74.7833	15.85	21	140.669
-75.8667	15.0667	61	137.38
-77.75	12.8667	54	132.508
-76.95	10.0333	62	131.887
-78.15	11.25	60	129.942
-75.8	14.9	94	137.41
-70.7167	15.6833	50	147.969
-68.4	15.4667	44	147.09
-66.2	15.7167	54	150.604
-64.2	15.9667	60	151.16
-64.5833	14.0333	53	151.823
-54.4833	10.9833	49	84.9949
-50.9333	10.8	52	66.9997
-50.8167	11.3833	30	64.6331
-50.8	11.65	36	64.435
-49.5333	8.4	46	81.8599
-44.8333	5.8667	51	73.6599
-43.3	3.8667	48	74.84
-42.8833	3.1	64	72.9686
-37.2	1.8667	38	39.39
-33.6833	1.8167	49	19.6564
-30	1.8667	32	4.82003
-25.4333	1.7833	23	27.007
-15.85	0.5167	73	49.8987
-16.0333	45.0333	60	80.8504
-20.2	44.2	61	50.06
-23.05	43.7	42	37.8919
-24.5	43.4	44	30.34
-26.65	43.0667	39	14.9899
-27.8	42.9333	28	8.87005
-30.3	43.8333	42	9.0399
-31.4667	44.3	86	18.9102
-33.05	44.8833	79	30.0719
-34.1	45.5	60	43.68
-35.4833	46.1667	65	51.0899
-37.3	45.3	65	56.1
-39.05	44.4333	57	69.1143
-44.1833	44.7	50	109.868
-27.8	42.95	28	8.84
-28.4	43.1	230	4.74
-28.3333	43.1333	251	5.06031
-29.0667	43.2	301	0.399815
-29.2667	43.0167	27	0.385008
-29.4	43.2333	147	1.93986
-62.95	37.0667	60	148.032
-67.45	28.7	67	124.789
-61.05	28.7333	48	97.6649
-59.7167	28.6333	47	92.1989
-57.55	28.7167	52	84.6561
-53.6833	28.6833	58	64.2154
-50.25	27.6667	29	41.6701
-45.45	26.4	85	5.9925
-45.5833	26.2167	138	6.24125
-45.45	26.4	31	5.9925
-51.0333	24.4	110	40.3699
-56.6	20.3833	82	67.1793
-53.6	20.3833	79	49.5923
-46.158	11.5067	32	17.4078
-53.1667	8.5667	51	92.8599
-21.7333	16.45	53	148.295
-29.0167	19.75	52	100.69
-31.9	19.8667	54	88.22
-34.4167	19.65	57	76.2016
-36.5333	19.5167	34	62.7058
-38.8	19.5333	75	48.64
-40.5	19.5667	26	37.0002
-41.6333	19.6167	68	28.6939
-42.7333	19.65	8	21.5208
-43.8167	19.5667	65	15.0122
-44.95	19.5667	292	7.78869
-44.55	19.6833	96	10.319
-46.1333	19.5617	41	0.795391
-46.11	19.5583	72	0.634942
-47.4167	19.2667	57	11.2165
-47.4183	19.2	20	11.134
-47.4283	19.23	33	11.2486
-47.35	19.2717	60	10.7327
-47.3467	19.275	32	10.7121
-47.3433	19.28	44	10.6941
-47.34	19.2833	60	10.6708
-47.3367	19.2883	38	10.6503
-47.4367	19.15	42	11.2464
-47.44	19.1533	42	11.2748
-48.65	19.6833	247	21.0134
-49.7667	20.0167	24	29.3909
-50.8667	20.35	21	36.1946
-51.9333	20.65	52	42.0392
-51.9333	20.65	46	42.0392
-52.9333	21	21	47.8198
-53.9667	21.3167	88	53.2802
-55	21.7333	63	59.3001
-56.65	22.2333	54	69.3799
-60.6167	27.25	47	90.5442
-62	29.1	59	101.91
-63.3833	30.9	50	110.106
-18.35	10.4833	43	164.813
-18.35	10.4833	42	164.813
-19.55	5.0833	61	73.8272
-20.6	2.05	70	54.1694
-59.1667	32.6167	29	102.456
-52.5833	32.7	33	78.0067
-52.0667	32.6	26	74.8302
-43.8667	0.8	65	99.0502
-46.6667	7.4667	82	75.0895
-50	10.65	67	59.835
-52.9667	13.0333	75	59.8302
-69.3	14.7667	48	147.95
-68.55	14.45	45	148.43
-68.7667	14.4333	53	148.37
-70.85	14.6333	65	148.671
-74.45	16.1333	54	141.409
-71.2333	17.0333	70	147.82
-79.45	18.55	67	30.7382
-74.2167	27.6833	49	163.08
-74.3667	24.7833	42	171.912
-73.7	24.3833	63	165.814
-68.5667	24.5	15	121.23
-65.3	24.4833	56	108.473
-62.5	24.4667	65	98.0201
-65.2667	27.45	49	113.076
-69.8833	29.7667	46	147.67
-67.1	31	59	127.98
-68.9333	29.95	51	140.264
-67.7833	31.3333	84	134.773
-68.6833	29.75	75	137
-67.9833	30.45	51	133.225
-68.7167	29.9167	42	138.085
-67.7333	30.8333	49	132.44
-68.2833	30.0833	54	134.585
-69.8667	31.6833	58	151.111
-70	32.15	51	152.479
-68.1	32.05	31	139.994
-66.35	32.05	48	126.448
-68.85	32.2667	53	147.736
-73.2833	32.5333	50	168.333
-74.4333	33.9333	63	177.74
-72.3833	36.05	47	171.145
-72.5667	37.55	42	176.055
-26.1317	19.2517	38	114.03
-29.2433	21.855	58	102.469
-31.8	23.1583	60	90.3359
-40.6	28.1167	42	22.1599
-42.1833	28.8583	85	8.43477
-42.455	30.0633	360	1.77247
-42.9983	29.9633	142	2.4107
-42.9983	29.8967	12	2.16809
-42.6083	30.1	300	1.85777
-59.9417	16.6417	50	81.0213
-59.1617	16.3633	56	77.485
-58.2933	16.9017	41	73.0832
-58.89	16.7533	34	75.779
-59.05	16.7367	46	76.5862
-44.633	56.183	69	49.7839
-13.7083	35.6417	58	144.961
-32.8333	41.7167	16	23.1211
-26.4667	40.805	60	18.4542
-31.7917	43.3833	57	18.0404
-27.7667	43.7467	66	6.61909
-28.2333	43.3733	109	5.13801
-28.08	43.3333	282	6.30285
-29.625	43.4883	60	4.1057
-29.8667	43.4983	23	5.60562
-29.825	43.2867	191	4.85602
-27.9683	43.8383	75	4.55023
-31.625	43.585	74	17.4784
-30.63	43.465	62	10.3173
-30.2167	43.4917	68	7.79099
-30	43.335	41	6.04575
-13.0717	35.065	58	150.53
-26.0467	40.08	60	23.8205
-27.0767	43.075	66	12.8794
-29.0867	43.05	23	1.06841
-29.0833	43.0283	191	1.24028
-27.0967	43.0833	75	12.7841
-30.0633	43.0467	62	5.68257
-41.5217	10.725	113	3.66077
-41.1967	10.8283	159	9.90857
-41.5867	10.825	149	7.27143
-42.5267	10.7417	175	8.02196
-42.58	10.8417	259	4.82785
-42.585	10.7217	251	9.21801
-43.9467	10.81	127	15.3764
-44.575	10.8433	66	21.5646
-43.9233	10.865	123	10.4747
-43.6417	10.8417	128	9.64052
-44.01	10.9183	169	6.73057
-43.6717	10.8767	115	7.20164
-41.2417	10.7917	167	7.50238
-41.565	10.74	119	4.42386
-42.4333	10.7417	129	7.65976
-42.425	10.3817	20	10.8483
-42.195	10.7783	116	5.69005
-42.3633	10.7733	154	5.96776
-33.7217	36.6667	34	1.25279
-33.6883	36.675	92	1.07445
-33.6767	36.68	159	1.06478
-33.6717	36.685	138	1.0805
-33.635	36.6983	29	1.0633
-33.6517	36.6383	29	0.71771
-33.6483	36.6367	34	0.689344
-33.6383	36.6317	38	0.606535
-33.635	36.63	75	0.580499
-33.625	36.625	75	0.521211
-33.6133	36.5967	117	0.36605
-33.6117	36.5983	234	0.380178
-33.6117	36.6017	130	0.387471
-33.6117	36.605	46	0.401236
-33.9133	36.44	71	1.96446
-33.9017	36.4483	84	1.90737
-33.8833	36.4517	318	1.77016
-33.3267	36.75	142	0.735305
-33.33	36.7633	126	0.693217
-33.3317	36.7667	147	0.692019
-33.325	36.7633	100	0.668503
-33.3283	36.7617	172	0.690317
-33.6483	36.5917	29	0.354137
-33.6433	36.5917	17	0.316685
-33.6333	36.605	109	0.294733
-33.6467	36.6033	142	0.356098
-33.59	36.605	163	0.537827
-33.5817	36.605	348	0.581219
-33.575	36.6067	394	0.6182
-33.58	36.635	151	0.695506
-33.57	36.6317	151	0.708055
-33.5633	36.6283	134	0.71611
-33.5583	36.6233	289	0.718821
-33.555	36.6183	264	0.719257
-33.555	36.6117	234	0.708923
-33.5533	36.605	331	0.708408
-33.55	36.6	645	0.72
-33.5717	36.6117	368	0.644678
-33.5683	36.6083	569	0.652114
-33.5633	36.595	193	0.666164
-33.5767	36.5983	272	0.598265
-33.5767	36.595	222	0.597916
-33.5783	36.58	105	0.608228
-33.57	36.6167	247	0.664618
-33.5617	36.615	352	0.691019
-33.5567	36.615	548	0.708113
-33.5467	36.615	381	0.74106
-33.5417	36.6133	318	0.756429
-33.5367	36.6133	272	0.774876
-33.525	36.6133	184	0.824069
-33.5167	36.6133	197	0.862335
-33.8717	36.49	142	1.85119
-33.62	36.41	130	0.656213
-33.6167	36.4133	314	0.667374
-33.615	36.4183	113	0.666279
-33.6117	36.4217	201	0.676628
-33.9417	36.435	17	2.17933
-33.9467	36.43	142	2.19603
-33.9533	36.425	138	2.22607
-33.96	36.4167	21	2.23974
-33.9683	36.3983	75	2.21449
-33.975	36.405	59	2.30217
-33.985	36.4067	75	2.38899
-33.9967	36.4083	498	2.48718
-33.1317	36.9583	62	0.87626
-33.1317	36.9567	83	0.862657
-33.13	36.9533	70	0.828835
-33.1267	36.9533	98	0.817066
-33.1233	36.9517	122	0.7896
-33.115	36.9517	143	0.75318
-33.1117	36.9517	55	0.739885
-33.1083	36.9517	229	0.728084
-33.1017	36.95	72	0.69735
-33.1383	36.9667	52	0.964312
-33.135	36.955	7	0.856881
-33.13	36.95	51	0.80209
-33.1283	36.9467	52	0.770927
-33.1267	36.9433	56	0.741149
-33.1683	36.9517	8	0.878488
-33.1667	36.9517	32	0.877858
-33.165	36.9533	42	0.893485
-33.1983	36.95	13	0.834871
-33.1967	36.9483	11	0.803856
-33.1933	36.9467	59	0.776838
-33.1883	36.945	8	0.758602
-33.1533	36.9567	36	0.911041
-33.1767	36.9533	21	0.892894
-33.1817	36.955	18	0.91206
-33.1817	36.9517	123	0.865197
-33.18	36.9467	14	0.802603
-33.1783	36.9483	48	0.826721
-33.1617	36.9417	18	0.784496
-33.105	36.9533	62	0.735166
-33.1017	36.9417	180	0.629643
-33.1	36.9433	52	0.640114
-47.9267	14.89	28	22.008
-41.28	8.7167	41	8.91362
-37.9733	6.3783	27	29.4966
-35.3283	4.15	67	17.2401
-26.94	17.655	89	110.774
-28.9833	18.9483	67	101.354
-30.0967	19.6617	58	96.16
-31.4633	20.6983	55	89.2766
-39.4883	26.05	54	35.4129
-41.4367	26.9833	41	20.5118
-44.0967	29.585	84	9.49469
-19.3067	23.105	22	164.197
-22.7067	21.275	39	142.524
-28.14	18.5467	76	105.313
-29.825	17.7233	51	98.3916
-32.3683	17.1783	61	88.1759
-35.8217	17.1517	59	70.2317
-39.0383	17.335	111	49.7085
-45.0267	17.33	26	11.0833
-46.7083	17.2867	270	1.83647
-47.355	17.2733	30	6.85324
-35.0483	0.015	47	59.3077
-38.2033	1.0083	50	69.7595
-47.8067	26.5633	20	22.6208
-46.9967	26.9167	47	18.3711
-47.3583	26.2417	70	18.4994
-47.245	26.4633	21	18.5042
-46.285	26.5867	90	12.751
-46.1783	26.7317	116	12.4708
-46.255	26.5767	94	12.5074
-45.3767	26.4717	113	5.74427
-46.6917	26.7917	141	15.9814
-44.9733	26.37	360	2.27979
-45.035	25.2233	283	2.54379
-45.0033	25.27	136	2.51271
-48.01	24.4783	100	13.8758
-48.915	24.9067	64	22.4125
-48.8633	12.12	53	45.5289
-47.2667	11.64	62	26.8301
-45.1517	11.5067	29	10.3931
-42.625	11.54	87	8.68926
-42.7417	2.865	46	72.343
-32.7933	0.005	81	46.6136
-34.82	3.27	191	25.8614
-45.8967	2.3083	49	91.1797
-50.015	9.8517	47	64.6529
-14.055	35.3267	50	142.883
-12.9983	35.4517	62	150.068
-13.3283	33.99	54	155.078
-13.9633	33.5817	42	153.006
-1.9667	1.0017	47	63.2049
-0.2517	2.46	36	85.7279
-3.16	1.2083	47	61.07
-7.2367	2.4767	46	94.6859
-8.45	2.92	48	93.6477
-9.0783	1.7333	60	86.3363
-10.6067	1.485	59	80.5198
-11.6417	3.0683	53	87.4253
-13.6233	1.04	56	64.6208
-15.5133	5.78	62	92.5274
-17.575	8.1567	57	99.2956
-27.9933	22.6017	44	106.003
-29.9733	26.4217	36	90.7378
-36.7217	27.7567	32	46.7126
-30.7833	26.1033	48	87.2313
-34.88	26.7583	47	61.8555
-31.1117	25.93	34	86.1263
-43.6917	36.0883	40	52.7646
-43.895	35.5817	44	52.5123
-5.7767	3.795	57	104.938
-7.9317	1.4883	50	67.3796
-8.8167	2.9767	62	92.9676
-9.54	3.0767	67	90.8259
-10.9717	2.1017	64	79.7514
-12.6083	6.2683	63	108.187
-16.4567	5.9583	64	94.3006
-15.8167	6.7633	59	99.659
-14.9217	7.6983	66	107.095
-19.5083	12.035	44	153.589
-20.9517	15.02	49	151.135
-17.935	16.3633	60	169.49
-19.9767	20.0667	46	158.909
-20.0433	27.47	60	142.855
-16.3583	29.6417	74	154.027
-29.395	33.6867	153	51.0224
-29.3933	36.2917	37	29.8304
-42.8433	6.5383	54	57.0356
-42.1867	7.5233	82	40.3892
-33.9	1.725	16	21.0227
-29.8383	1.1233	66	2.07777
-26.705	1.85	46	20.9322
-23.54	1.8133	65	36.9996
-22.1567	2.6067	54	49.2372
-19.5883	1.275	75	36.9655
-20.0283	6.1767	71	77.7673
-18.115	12.4267	52	174.022
-19.24	17.1417	34	161.317
-21.055	18.4533	63	151.643
-21.295	21.2167	39	151.706
-18.0433	22.0333	49	175.886
-19.2117	22.6617	65	165.517
-17.6217	23.1433	18	176.713
-19.0933	24.1	49	163.749
-16.6683	24.7	67	177.59
-19.515	25.7183	113	153.812
-18.4617	25.6983	74	160.58
-16.8633	25.555	60	171.991
-17.5667	25.9033	84	165.555
-44.575	10.8433	66	21.5646
-43.6417	10.8417	128	9.64052
-43.6717	10.8767	116	7.20164
-19.7567	9.3167	63	104.159
-49.6417	8.405	46	82.4528
-44.8217	5.9667	51	73.6331
-43.305	3.86	49	74.8627
-42.8733	3.0983	64	72.9203
-42.915	3.1333	78	73.1213
-37.1867	1.8567	41	39.3204
-33.6667	1.8267	52	19.5537
-29.9917	1.86	21	4.86572
-25.4083	1.7733	23	27.149
-20.9083	1.1783	62	30.5394
-15.83	0.52	73	50.1384
-15.23	1.79	65	58.0707
-13.6983	4.5083	42	97.89
-0.5333	3.25	56	87.7195
-45.1183	29.9	13	17.8116
-44.9033	30.375	60	19.6638
-45.0983	30.215	47	18.8025
-40.9067	26.3483	61	25.8258
-31.0883	16.6383	41	93.7386
-31.6367	16.555	23	91.4056
-26.08	19.6733	39	114.555
-26.0267	19.3317	59	114.738
-18.17	9.5567	38	108.891
-18.1667	6.4367	48	87.9167
-17.8617	5.8267	41	88.2408
-17.9183	6.2617	49	88.6225
-18.1083	5.8333	49	86.9642
-64.8517	14.1483	70	151.668
-64.76	14.1733	88	151.725
-64.505	14.165	69	151.851
-64.4167	14.1667	90	151.88
-64.3333	14.1667	214	150.84
-60.145	14.2833	334	98.7312
-43.515	22.985	23	13.5155
-23.1967	59.755	83	33.6346
-24.3267	59.0117	29	33.2866
-26.77	57.4883	70	32.8918
-28.485	56.65	80	33.0808
-29.0017	56.0433	84	37.5458
-29.5917	55.8917	78	33.5603
-29.61	55.995	90	33.0669
-29.6083	56.0933	84	32.8699
-29.125	55.985	72	36.8746
-29.4283	55.975	77	34.5853
-29.495	55.965	75	34.0498
-29.745	55.9833	72	32.4155
-29.875	55.9933	90	31.4369
-29.8383	56.075	92	31.4582
-29.62	56.0517	101	32.8844
-29.415	56.0683	75	34.2365
-29.605	56.0183	102	33.0356
-23.2933	56.1383	69	53.2047
-8.4417	46.5417	33	109.275
-8.7483	46.7417	37	109.512
-8.8117	46.8583	40	109.291
-55.9667	32.5	54	91.6901
-75.3817	28.3433	50	171.491
-68.0333	25.0833	47	119.94
-68.05	25.0383	49	119.895
-68.075	25.13	49	120.19
-68.0233	25.1133	55	119.975
-71.1033	27.0733	46	148.785
-71.1617	26.9433	46	148.702
-71.41	26.955	53	149.498
-71.42	26.93	49	149.479
-73.75	27.525	47	160.291
-73.8367	27.4883	51	160.619
-73.8067	27.3767	48	160.209
-74.6283	27.9667	47	166.374
-74.7017	27.8917	49	166.571
-74.755	27.925	50	166.953
-68.0433	25.03	66	119.855
-68.0233	25.0833	49	119.907
-68.0267	25.1117	49	119.983
-68.0717	25.0217	47	119.932
-68.0717	25.0317	57	119.954
-68.0733	25.0267	37	119.949
-68.085	25.04	49	120.021
-68.085	25.0383	48	120.017
-68.0833	25.0317	45	119.996
-68.0833	25.0267	46	119.985
-68.0833	25.0233	45	119.977
-68.0617	25.045	49	119.95
-68.0633	25.0417	48	119.948
-68.0617	25.03	46	119.916
-68.0233	25.13	48	120.009
-68.0233	25.1233	44	119.995
-68.0267	25.1167	51	119.993
-68.0267	25.1133	47	119.986
-68.0283	25.1083	49	119.981
-68.03	25.1067	48	119.984
-68.0317	25.1033	45	119.982
-68.0333	25.1	48	119.98
-68.0367	25.095	46	119.98
-68.0383	25.0933	49	119.981
-68.0417	25.09	48	119.984
-68.0467	25.0867	49	119.994
-68.0467	25.085	44	119.99
-68.0483	25.0817	47	119.988
-68.05	25.08	45	119.99
-68.015	25.1067	48	119.935
-68.0167	25.1083	47	119.943
-68.0183	25.1083	47	119.949
-68.0217	25.1083	48	119.96
-68.0233	25.1083	47	119.965
-68.025	25.1083	47	119.97
-68.0283	25.1083	47	119.981
-68.03	25.1083	49	119.987
-68.0333	25.1083	48	119.998
-68.035	25.1083	48	120.003
-68.0383	25.1083	48	120.014
-68.04	25.1083	51	120.02
-68.045	25.1083	48	120.037
-68.0483	25.1083	44	120.048
-68.05	25.1083	40	120.054
-68.0533	25.11	43	120.069
-71.4	26.9	49	149.34
-71.4133	26.9067	48	149.401
-71.415	26.91	40	149.415
-71.4583	26.8833	43	149.512
-71.465	26.8833	38	149.534
-71.3683	26.9633	41	149.378
-71.2567	26.89	50	148.892
-71.245	26.8883	52	148.854
-71.235	26.9067	47	148.857
-71.22	26.9367	42	148.866
-71.195	26.9717	46	148.864
-71.0817	27.0367	55	148.627
-73.7667	27.4167	47	160.122
-73.815	27.355	47	160.193
-73.8183	27.3617	46	160.225
-73.8283	27.4433	41	160.477
-73.825	27.3683	41	160.273
-73.8217	27.3667	38	160.254
-73.82	27.37	53	160.254
-73.82	27.39	41	160.309
-73.8267	27.3967	39	160.36
-73.825	27.4017	53	160.364
-73.8217	27.4083	37	160.365
-73.8117	27.415	55	160.333
-73.815	27.4183	47	160.357
-73.8217	27.4233	59	160.401
-73.8283	27.4433	41	160.477
-73.8267	27.455	44	160.493
-73.82	27.4567	46	160.464
-73.8017	27.4567	44	160.377
-73.7967	27.465	59	160.37
-73.7867	27.4667	59	160.326
-73.77	27.48	54	160.281
-73.7617	27.4883	41	160.266
-73.7517	27.495	45	160.238
-74.7	27.9333	49	166.67
-74.8167	27.865	47	167.201
-74.8083	27.8617	50	167.138
-74.7983	27.8617	49	167.071
-74.7883	27.875	50	167.028
-74.785	27.885	50	167.026
-74.7817	27.8933	45	167.024
-74.7817	27.905	43	167.051
-74.775	27.915	54	167.041
-74.76	27.93	49	166.993
-74.75	27.93	53	166.936
-74.7433	27.9333	50	166.906
-74.7083	27.915	49	166.664
-74.7017	27.9133	46	166.624
-74.7083	27.92	53	166.678
-74.7067	27.9217	48	166.674
-74.6633	27.9667	53	166.552
-74.6467	27.9817	42	166.5
-74.6417	27.985	45	166.481
-10.2733	33.825	89	179.086
-14.0467	30.1433	87	164.12
-11.6067	31.0983	79	174.839
-11.3617	30.8583	63	177.093
-11.2467	30.7267	93	178.348
-46.0817	22.755	180	7.09938
-15.18	26.845	59	174.235
-23.7433	22.3917	46	135.27
-24.7533	22.3867	41	122.811
-24.745	22.3933	46	122.92
-24.7233	22.42	45	123.226
-24.7217	22.4333	50	123.313
-24.7117	22.4467	44	123.566
-24.705	22.3883	44	123.333
-24.6867	22.4967	38	124.741
-24.6767	22.4133	41	123.816
-23.58	16.24	54	134.465
-23.585	16.2283	48	134.438
-23.5933	16.2483	52	134.389
-23.5883	16.2467	45	134.418
-23.5883	16.245	59	134.418
-23.5817	16.2067	52	134.457
-23.5817	16.2067	52	134.457
-24.58	18.01	64	122.301
-24.6267	17.93	51	121.956
-24.6233	17.9333	52	121.985
-24.6183	17.9383	53	122.026
-24.6133	17.9417	50	122.07
-24.6067	17.9467	56	122.126
-24.5933	17.945	50	122.248
-24.5833	17.9467	60	122.333
-24.59	17.9683	64	122.256
-24.595	17.9933	54	122.211
-24.585	18.0033	70	122.277
-24.575	18.0117	57	122.336
-24.5667	18.19	58	122.213
-24.5617	18.26	57	122.23
-24.5533	18.31	56	122.295
-24.545	18.37	75	122.336
-24.5333	18.5	61	122.37
-24.5283	18.71	68	122.454
-24.5083	19.03	62	124.03
-24.48	19.19	80	124.443
-24.4683	19.25	63	124.634
-24.455	19.35	76	124.813
-24.58	18.95	54	123.029
-24.63	18.9083	55	122.25
-24.6333	18.9167	52	122.271
-24.63	18.9267	53	122.365
-24.6167	18.9267	46	122.501
-24.6067	18.93	53	122.628
-24.5983	18.945	54	122.8
-24.5933	18.9533	50	122.893
-24.5867	18.9617	51	123.003
-24.5817	18.9733	49	123.105
-24.5817	18.9817	51	123.136
-24.575	18.9917	51	123.239
-24.5667	18.9983	53	123.346
-24.56	18.0017	53	122.471
-24.5533	18.0033	51	122.523
-24.545	18.0033	52	122.591
-24.54	19	57	123.652
-24.61	18.9167	49	122.512
-24.6117	18.9267	50	122.554
-24.6117	18.9317	51	122.584
-24.6033	18.9417	53	122.728
-24.5917	18.9433	55	122.865
-24.5833	18.9483	49	122.984
-24.5833	18.9483	49	122.984
-24.5733	18.9533	52	123.121
-24.5683	18.955	50	123.187
-24.5667	18.9617	55	123.231
-24.5633	18.9633	50	123.277
-24.5583	18.9633	52	123.336
-24.5467	18.9667	55	123.488
-24.5333	18.9717	52	123.665
-24.4983	18.9767	54	124.103
-24.48	19.91	57	124.722
-24.525	19.8683	52	124.382
-24.5233	19.8683	54	124.394
-24.5267	19.8767	52	124.374
-24.5267	19.8817	58	124.376
-24.5267	19.8833	55	124.377
-24.5267	19.8867	55	124.379
-24.5217	19.8883	56	124.416
-24.52	19.89	57	124.429
-24.4967	19.9083	55	124.611
-24.4917	19.9117	58	124.649
-24.485	19.9133	59	124.696
-24.4817	19.9117	55	124.714
-24.4783	19.9117	55	124.738
-24.4733	19.9117	56	124.775
-24.4683	19.9133	54	124.821
-24.4683	19.9167	55	124.831
-24.4667	19.9183	55	124.85
-24.465	19.9183	54	124.866
-24.4617	19.9183	53	124.899
-24.455	19.92	49	124.976
-24.4483	19.9217	51	125.057
-24.4417	19.9283	48	125.15
-24.4367	19.93	47	125.213
-24.49	20.72	52	125.468
-24.5367	20.6617	52	125.179
-24.5283	20.66	50	125.233
-24.5233	20.6667	47	125.263
-24.5183	20.68	48	125.29
-24.5117	20.6983	48	125.325
-24.5067	20.6983	51	125.357
-24.5033	20.6983	47	125.379
-24.4933	20.7117	47	125.445
-24.485	20.7233	55	125.503
-24.485	20.7383	45	125.508
-24.4817	20.7467	59	125.536
-24.4717	20.7417	50	125.608
-24.455	20.7417	43	125.729
-24.56	20.7	51	125.021
-24.585	20.6883	47	124.875
-24.5867	20.6933	49	124.867
-24.5917	20.6983	49	124.837
-24.5783	20.7017	50	124.913
-24.5717	20.7017	44	124.95
-24.5667	20.7033	44	124.979
-24.5617	20.705	46	125.009
-24.5583	20.7067	48	125.03
-24.5533	20.7033	43	125.062
-24.5517	20.705	50	125.072
-24.5483	20.7067	51	125.093
-24.5467	20.7117	49	125.101
-24.5417	20.7167	53	125.132
-24.5317	20.7233	51	125.194
-71	29	51	150.09
-71.1267	29.01	51	150.512
-71.1083	29.0083	58	150.441
-71.0933	29.015	57	150.408
-71.0467	28.9667	54	150.096
-71.04	28.9767	52	150.109
-71.0233	28.985	48	150.092
-71.0117	28.9967	45	150.111
-70.9883	28.9933	47	150.024
-70.965	28.9983	48	149.939
-70.9417	28.9983	57	149.837
-70.9183	28.9917	52	149.747
-69.75	30.25	52	148.372
-69.76	30.1483	50	148.189
-69.7583	30.17	60	148.229
-69.8483	30.2167	54	148.621
-69.8333	30.21	54	148.558
-69.82	30.2083	54	148.507
-69.805	30.205	54	148.447
-69.79	30.2033	55	148.393
-69.7783	30.2067	54	148.362
-69.75	30.1967	50	148.253
-69.7433	30.195	47	148.23
-69.7333	30.1883	56	148.185
-69.72	30.1817	56	148.126
-69.705	30.175	55	148.058
-69.6967	30.1783	54	148.035
-69.68	30.1883	49	148.006
-69.6683	30.1833	51	147.948
-69.67	30.1833	51	147.955
-69.6567	30.1833	50	147.908
-69.7467	30.1917	49	148.234
-69.7383	30.2067	46	148.239
-69.7433	30.2183	50	148.279
-69.7383	30.235	53	148.3
-69.7383	30.24	57	148.311
-69.7433	30.2717	52	148.403
-69.7433	30.2867	57	148.44
-69.7467	30.3083	54	148.498
-69.7567	30.325	52	148.562
-68.05	31.1667	51	137.11
-68.155	31.2167	49	138.357
-68.14	31.2183	51	138.222
-68.115	31.215	56	137.993
-68.095	31.2133	52	137.807
-68.08	31.21	50	137.636
-68.055	31.2083	53	137.365
-68.03	31.2033	51	137.091
-68.0167	31.19	49	136.905
-68.0117	31.1883	52	136.85
-67.9883	31.175	49	136.566
-67.9683	31.1683	51	136.335
-67.9517	31.1567	51	136.102
-67.9317	31.145	52	135.827
-67.9417	31.13	46	135.853
-67.9733	31.1167	45	136.139
-67.9733	31.11	50	136.111
-68.0083	31.0967	51	136.437
-68.0267	31.085	48	136.545
-68.0417	31.0933	48	136.701
-68.06	31.1033	53	136.885
-68.075	31.1167	50	137.058
-68.0817	31.125	49	137.153
-68.1083	31.1383	51	137.451
-68.1283	31.1483	46	137.699
-68.125	31.165	52	137.791
-68.1217	31.1633	52	137.749
-68.1233	31.1833	50	137.899
-66.5	31.05	59	122.98
-66.4183	31.0367	59	122.548
-66.4417	31.0433	61	122.67
-66.4633	31.035	62	122.74
-66.4917	31.035	66	122.873
-66.5267	31.0383	57	123.099
-66.55	31.04	60	123.259
-66.57	31.0433	53	123.408
-66.5817	31.0367	54	123.46
-66.5983	31.0483	56	123.627
-66.615	31.05	60	123.763
-66.6083	31.065	60	123.768
-66.6	31.0833	60	123.754
-66.59	31.0967	56	123.738
-66.5817	31.1067	56	123.759
-66.5667	31.1183	62	123.771
-66.5567	31.105	60	123.624
-66.5433	31.0917	51	123.467
-66.5367	31.0867	58	123.4
-66.5333	31.0767	64	123.329
-66.5267	31.065	64	123.228
-66.525	31.0583	64	123.183
-66.3917	31.0333	52	122.423
-65.5833	31.5833	54	120.52
-65.7067	31.5317	48	120.959
-65.6983	31.5433	49	120.959
-65.695	31.555	47	121
-65.6817	31.5617	55	120.944
-65.6667	31.57	52	120.89
-65.6667	31.57	59	120.89
-65.6433	31.5833	56	120.818
-65.5967	31.6017	60	120.68
-65.5967	31.605	54	120.695
-65.5867	31.6367	47	120.766
-65.5783	31.6433	55	120.739
-65.565	31.6483	60	120.67
-65.555	31.6467	54	120.587
-65.54	31.6517	45	120.515
-65.5367	31.635	41	120.394
-65.53	31.6217	48	120.328
-65.5083	31.6217	38	120.283
-65.4933	31.6083	37	120.219
-65.4783	31.5883	52	120.126
-65.4683	31.5833	51	120.084
-65.475	31.555	63	120.037
-65.4767	31.5567	72	120.046
-65.5817	31.5683	60	120.445
-65.565	31.58	63	120.421
-65.555	31.5717	59	120.349
-65.54	31.565	62	120.27
-65.5317	31.5633	58	120.236
-63.75	32.3833	59	115.295
-63.6733	32.46	69	115.28
-63.685	32.4467	70	115.276
-63.685	32.4333	57	115.239
-63.6883	32.4167	61	115.201
-63.6967	32.4017	55	115.185
-63.6933	32.385	57	115.129
-63.7017	32.3717	59	115.119
-63.7167	32.3633	53	115.141
-63.73	32.3417	60	115.123
-63.7317	32.315	69	115.056
-63.7433	32.335	58	115.144
-63.7517	32.3383	61	115.179
-63.77	32.3433	51	115.247
-63.7867	32.345	51	115.302
-63.8033	32.3533	62	115.374
-63.8017	32.3533	53	115.369
-63.8133	32.3667	54	115.44
-63.8117	32.3667	52	115.435
-63.825	32.375	57	115.497
-63.835	32.3867	66	115.559
-63.8533	32.3917	74	115.628
-63.8533	32.3967	63	115.642
-67.4167	33.6167	50	142.197
-67.4933	33.7167	52	143.975
-67.4833	33.7183	48	143.859
-67.4667	33.7117	56	143.588
-67.4533	33.665	52	143.03
-67.4667	33.65	51	143.062
-67.4667	33.6367	53	142.941
-67.445	33.6317	49	142.64
-67.415	33.63	52	142.292
-67.4017	33.6183	52	142.058
-67.3867	33.6133	52	141.865
-67.3683	33.61	50	141.649
-67.3517	33.6067	44	141.444
-67.3467	33.5983	40	141.329
-67.3733	33.6017	48	141.642
-67.4017	33.6017	40	141.929
-67.4183	33.5917	48	142.023
-67.4183	33.595	47	142.044
-67.4167	33.5967	46	142.04
-67.4333	33.5817	45	142.115
-67.4483	33.5717	48	142.221
-67.4517	33.5617	52	142.194
-67.4783	33.5383	49	142.318
-67.49	33.6517	51	143.358
-67.4933	33.6367	51	143.259
-67.495	33.625	59	143.164
-67.5033	33.6117	52	143.131
-67.5067	33.5967	48	143.04
-67.51	33.5983	52	143.098
-67.15	33.505	52	138.811
-67.145	33.4967	46	138.733
-67.1533	33.49	44	138.774
-67.1333	33.4917	52	138.617
-67.1417	33.475	50	138.611
-67.1367	33.48	52	138.594
-67.1333	33.4917	56	138.617
-60.2583	40.6033	53	161.942
-75.583	14.267	44	137.673
-63.572	20.9017	132	97.0423
-63.193	22.3917	91	97.7999
-61.653	24.2117	52	94.3947
-57.887	24.8983	38	80.9547
-56.8	25.267	72	69.4896
-56.462	27.84	71	77.2652
-59.378	30.8683	48	96.391
-61.3	33.1	86	110.49
-62.383	33.583	84	115.611
-62.7	33.883	63	117.663
-66.467	19.767	72	111.102
-56.367	13.15	109	80.324
-58.35	11.15	42	100.387
-78.733	6.833	272	47.9195
-78.3	5.5	122	11.97
-59.113	23.5783	69	83.6191
-57.602	21.405	115	73.0772
-50.162	10.5633	32	61.8397
-45.945	4.9933	65	78.4635
-45.41	2.225	51	84.6218
-43.772	0.8917	54	97.7261
-69.8	22.99	55	125.799
-69.55	24	60	125.842
-75.785	29.41	38	175.416
-75.367	29.6233	49	172.315
-75.317	30.75	54	171.994
-71.633	33.867	52	163.005
-41.158	0.605	70	83.8911
-44.647	0.6783	64	104.307
-44.047	4.3683	52	78.0816
-44.158	5.02	74	70.378
-45.665	3.38	50	87.7893
-46.688	4.495	66	91.4262
-49.978	6.3317	59	97.9666
-50.272	8.8467	50	80.6954
-52.727	9.9883	78	78.8346
-55.06	10.925	63	87.79
-58.102	14.2033	68	86.8832
-58.912	16.5767	79	76.4506
-60.363	21.9867	49	86.4587
-60.493	23.1683	90	87.9808
-60.432	25.2533	58	91.5675
-60.32	26.0067	54	90.8049
-60.437	27.6367	58	92.8277
-60.677	27.61	71	93.4627
-61.247	27.4233	55	93.4147
-61.135	27.255	29	92.5449
-60.473	27.205	37	89.7889
-60.777	26.9317	55	90.5505
-60.415	27.5867	55	92.6166
-60.42	27.54	60	92.4434
-74.15	31.317	66	169.434
-73.55	30.433	32	163.982
-74.217	31.3	73	169.673
-72.017	31.017	59	158.692
-73.617	30.383	78	164.043
-73.617	30.367	62	163.981
-60.467	19.48	64	83.6611
-57.582	13.1417	59	88.2921
-57.462	12.2233	78	91.8312
-55.02	9.2633	60	95.4027
-54.307	10.6667	60	84.7469
-54.347	10.6267	69	85.1277
-52.17	11.5717	48	72.5092
-50.822	11.6717	74	64.6371
-49.223	10.52	53	54.8227
-45.315	10.3583	38	31.3641
-45.453	5.585	59	76.3478
-42.897	3.1383	70	73.0371
-42.915	3.99	76	73.2274
-43.572	5.925	63	67.8345
-43.462	6.6867	64	62.2815
-41.583	8.3067	16	11.4956
-40.42	5.7883	77	47.9504
-36.628	0.745	40	61.1995
-63.078	19.8133	91	94.1813
-59.2	27.917	81	89.1469
-59.3	26.85	47	86.1587
-59.783	27.717	52	90.7521
-59.867	26.633	86	86.0908
-59.867	26.583	53	86.0158
-60.767	27.267	57	91.222
-60.3	28.717	70	94.7185
-60.85	27.95	57	94.9671
-61.267	27.917	34	95.9672
-62.283	28.333	68	100.039
-67.55	31.267	59	132.011
-70.267	35	82	159.272
-72.183	36.433	61	171.373
-65.067	29.417	67	113.068
-54.217	22.733	26	54.9813
-55.782	19.8933	63	61.1857
-6.23	1.7005	64	58.4035
-57.702	14.3327	53	84.7593
-57.712	14.3363	55	84.7782
-6.339	1.7043	35	58.4518
-58.236	14.3857	3	86.5643
-58.24	14.3862	7	86.5789
-57.706	14.5688	37	83.766
-58.711	14.5723	74	87.7017
-58.728	14.4018	37	88.7926
-54.867	43.383	45	167.776
-51.25	35.8	44	95.5594
-59.983	18.483	123	80.5024
-60.567	17.55	89	82.2156
-71	15.083	19	148.587
-38.167	0.6333	93	71.1912
-41.5	22.133	132	29.3903
-48.267	26	56	24.0821
-51.767	28.5	230	51.4013
-69.917	30.233	46	148.886
-73.167	29.533	50	160.3
-71.983	25.633	189	148.778
-72.7	25.35	70	152.698
-73.333	25.067	44	154.839
-73.667	25.183	42	158.163
-74.25	25.383	44	165.313
-79.167	4.4	156	10.2391
-78.95	6.183	176	9.19379
-79.4	6.917	98	26.1969
-74.833	17.633	60	141.111
-73.033	24.85	20	153.132
-73.167	25.167	32	154.212
-72.933	25.333	56	153.718
-72.783	25.25	43	153.015
-72.933	25.1	44	153.239
-73.017	24.35	26	159.932
-75.767	27.433	45	174.476
-75.317	28.517	52	171.247
-74.733	30.167	38	168.059
-51.617	16.733	35	36.9992
-43.717	10.883	28	6.98119
-34.25	3.25	42	22.4572
-32.467	1.85	42	12.3769
-40.553	26.6533	19	27.1003
-43.57	27.91	89	3.32467
-44.7	29.85	33	14.8575
-47.867	30.667	253	38.1731
-52.3	32.65	64	76.2794
-54.167	33.483	54	88.5353
-57.25	34.75	41	105.371
-65.283	38.117	67	157.03
-47.21	26.4417	201	18.252
-42.978	9.2917	37	17.3584
-52.5	18.017	77	40.9502
-9.6	45.2	75	85.71
-15.817	43.967	55	86.6186
-12.867	33.433	77	160.719
-52.45	36.583	30	103.929
-56.667	37.033	37	118.399
-59.983	37.333	14	130.149
-67.867	38	86	164.081
-39.083	52.8	108	48.246
-39.917	52.817	58	50.4904
-47.1	55.533	58	53.533
-19.45	46.917	74	49.4989
-32.583	44.533	116	26.4462
-71.773	27.0933	51	150.956
-70.342	24.42	51	133.525
-69.368	21.0117	15	126.145
-25.567	33.85	76	74.8568
-29.133	32.967	120	53.7413
-34.433	35.067	170	5.4328
-34.15	34.983	195	8.11614
-34.533	35.15	263	2.90258
-34.317	34.933	198	9.17046
-34.483	35.183	79	2.21789
-35.6	35.033	221	4.42443
-34.317	49.383	95	41.5722
-36.583	52.783	153	36.302
-38.883	54.8	8	18.9535
-39.683	55.717	38	24.0863
-38.733	56.1	29	18.9186
-42.167	57.25	39	43.2261
-44.983	57.883	61	49.8902
-46.767	57.2	61	42.8778
-46.695	5.3533	44	81.887
-44.518	6.1433	59	71.9999
-52.848	8.4633	58	92.3929
-56.093	8.8967	22	100.3
-55.127	10.935	66	88.0291
-54.3	9.833	56	88.7419
-55.273	18.1083	95	55.6446
-51.018	20.4917	83	37.154
-45.973	26.0817	67	8.48219
-46.305	26.3083	222	12.0529
-46.658	26.2733	104	14.2176
-46.892	26.28	44	15.6364
-58.852	26.4567	54	81.543
-60.218	26.8783	47	88.0387
-64.405	27.1683	54	109.279
-63.465	28.9217	53	105.832
-70.167	35.233	65	159.37
-70.167	35.2	55	159.271
-70.167	35.233	82	159.37
-70.167	35.217	18	159.321
-70.167	35.233	49	159.37
-70.2	35.283	49	159.683
-70.133	35.267	53	159.34
-70.167	35.233	203	159.37
-66.567	35.65	49	149.644
-70.033	35.2	81	158.729
-70.133	35.233	61	159.238
-69.717	35.6	67	158.617
-70.117	35.217	49	159.122
-70.133	35.233	49	159.238
-70.167	35.217	76	159.321
-70.183	35.2	73	159.331
-67.9	36.35	55	154.244
-70.183	35.2	44	159.331
-70.15	35.2	44	159.206
-69.267	38.333	52	169.568
-42.5	11.283	139	9.70998
-44.667	10.45	28	25.9152
-50.55	22.85	127	36.6815
-50.2	23.45	101	34.88
-50.233	23.45	62	35.1034
-57.183	25.483	50	71.7327
-58.233	25.983	170	77.4277
-57.783	24.6	72	79.7799
-58.133	24.35	148	81.2534
-6.732	46.8633	43	109.467
-6.742	46.805	57	109.54
-7.06	46.5283	37	103.275
-7.722	46.4883	42	100.416
-6.697	46.9817	53	109.081
-6.61	46.9967	88	108.907
-6.475	47.0283	41	108.566
-40.033	52.82	84	50.7231
-38.925	52.7917	99	47.6676
-37.65	52.8333	97	34.1877
-36.327	52.35	71	36.2845
-35.797	52.7267	127	29.1486
-33.763	52.6967	276	11.2585
-32.33	52.5167	54	9.79943
-33.293	59.3783	102	14.6897
-32.367	58.9417	25	7.57806
-31.925	58.6433	39	2.90507
-29.425	57.4367	29	17.0832
-6.478	47.0367	83	108.535
-6.437	47.0433	57	108.442
-6.515	47.005	69	108.732
-6.708	46.8967	53	109.356
-47.595	5.0133	42	86.8192
-49.09	5.7417	42	94.6783
-46.8117	5.0967	41	82.4082
-47.9183	6.95	37	84.8508
-47.03	5.21	35	83.2715
-46.6317	5.1417	34	81.4713
-47.7567	5.9383	34	87.1864
-47.68	5.4833	33	87.2021
-47.735	5.6317	33	87.0807
-47.5633	5.4267	32	86.5684
-47.3117	4.6567	32	93.3977
-47.2067	4.595	27	93.7552
-47.5017	4.7217	25	92.551
-48.0283	5.3717	22	89.0067
-47.5283	5.1417	20	86.3368
-55.3483	59.5317	44	35.2971
-51.21	55.19	41	68.9394
-44.8305	28.1369	89800	6.81822
-44.8302	28.1368	37757	6.81563
-44.8308	28.1358	26855	6.81749
-44.8301	28.1359	16540	6.81238
-44.8302	28.1358	16202	6.81288
-44.8083	26.1467	13300	0.450547
-44.8302	28.1366	12113	6.81508
-44.8307	28.1368	11220	6.81948
-44.8083	26.1467	10490	0.450547
-44.8301	28.1372	10390	6.81596
-44.8078	26.1418	9660	0.460296
-44.8083	26.145	8930	0.453196
-44.8303	28.1358	8538	6.81365
-44.8299	28.1362	7792	6.81167
-44.8304	28.1369	6959	6.81745
-44.8301	28.1367	5877	6.81459
-44.83	28.1359	4509	6.81161
-44.8314	28.1374	4262	6.8265
-44.8305	28.1376	3259	6.82013
-44.8297	28.1361	2809	6.80985
-44.8315	28.1372	2004	6.82672
-44.8077	26.1412	1910	0.461652
-44.8302	28.1368	1544	6.81563
-44.8077	26.1427	1330	0.459372
-44.8058	26.1433	1310	0.466884
-44.8302	28.1367	1178	6.81536
-44.8292	28.1368	1065	6.80793
-46.5757	22.0572	1044	9.61688
-46.5695	22.0595	1019	9.58173
-44.8313	28.1371	969	6.82491
-46.5755	22.0578	890	9.61693
-44.8315	28.1371	886	6.82645
-46.5758	22.0572	849	9.61754
-46.5742	22.058	791	9.60883
-46.593	22.058	781	9.73081
-46.597	22.0575	742	9.75371
-44.8297	28.1357	723	6.80875
-44.8108	26.1437	700	0.444282
-44.829	28.137	684	6.80693
-44.8313	28.1372	672	6.82519
-46.5955	22.0603	635	9.75063
-44.8292	28.1371	620	6.80875
-46.5917	22.0607	491	9.72832
-46.579	22.0575	468	9.63941
-46.5852	22.0622	455	9.69016
-46.5837	22.0565	454	9.66828
-46.5502	22.0685	451	9.48011
-44.8307	28.137	441	6.82003
-44.829	28.137	433	6.80693
-44.8077	26.1372	410	0.467619
-46.5667	22.0598	408	9.56463
-46.554	22.0687	389	9.50454
-31.0095	37.0613	385	13.0751
-44.8289	28.137	382	6.80616
-44.8295	28.136	379	6.80804
-46.576	22.0597	371	9.62451
-43.5312	22.9298	332	13.4172
-46.1125	22.7808	329	7.30656
-31.3387	36.8793	305	13.4637
-43.534	22.9737	305	13.3797
-46.602	22.0642	304	9.79596
-46.5887	22.0615	302	9.71113
-46.587	22.0575	299	9.69193
-44.2875	26.5812	293	2.41502
-46.596	22.0583	286	9.74949
-46.5592	22.0625	279	9.52369
-46.11	22.7812	278	7.28776
-46.5785	22.0558	274	9.63227
-32.4013	37.5968	271	7.55248
-32.2542	37.0613	257	4.00464
-46.6017	22.0645	245	9.79495
-46.6125	22.06	242	9.83959
-46.1088	22.7817	230	7.27878
-44.8303	28.1371	228	6.81722
-46.1075	22.7888	226	7.26787
-31.301	36.8722	214	13.7703
-46.6292	22.0502	209	9.8833
-43.5342	22.9738	208	13.3781
-32.2743	37.0657	207	3.75925
-31.0232	37.0612	207	12.9876
-31.3198	36.8763	203	13.6161
-44.8098	26.1438	200	0.448471
-30.5348	37.3002	189	8.57697
-46.099	22.7802	188	7.21152
-31.0178	36.8142	185	15.8727
-43.5327	22.9672	183	13.3945
-31.3198	36.8765	183	13.6149
-30.5817	37.2488	182	8.55221
-31.3617	36.883	181	13.2682
-46.5782	22.0632	178	9.64668
-44.3533	26.6132	176	1.76554
-30.5925	37.2352	175	8.5739
-46.0623	22.8148	172	7.0393
-30.5602	37.2762	171	8.52474
-30.5107	37.3287	169	8.44562
-46.1023	22.7882	168	7.23093
-46.0672	22.8	166	7.05271
-30.5487	37.2883	166	8.54406
-27.0017	45.4583	165	4.53466
-32.2337	37.0572	164	4.24494
-30.6115	37.2112	164	8.63354
-30.5718	37.2628	164	8.52796
-31.0758	37.0743	163	12.3206
-30.5237	37.316	163	8.50067
-31.0938	37.0768	161	12.1839
-44.8307	28.1367	161	6.81921
-30.6015	37.2232	161	8.60156
-46.101	22.7833	160	7.22346
-30.6935	37.1215	160	10.7258
-31.1098	37.08	158	12.0086
-46.577	22.0542	158	9.61861
-46.0653	22.8067	157	7.04878
-46.5625	22.0597	156	9.53803
-43.5332	22.9777	155	13.3822
-31.1917	37.095	153	10.922
-30.9782	37.0552	153	13.3984
-31.2518	36.8617	151	14.1614
-43.5408	22.9285	150	13.3453
-31.1382	36.8393	150	15.03
-46.5949	22.0557	149	9.73761
-30.7812	36.7667	148	17.6732
-46.1022	22.781	148	7.23234
-31.1582	37.0893	148	11.3561
-46.113	22.7832	147	7.31004
-31.2727	36.8655	147	13.9967
-30.9787	36.8073	145	16.154
-57.6167	14.335	145	84.4641
-30.9983	36.8102	144	15.9948
-46.104	22.7855	144	7.24322
-31.397	36.8907	144	12.9999
-32.4818	37.6143	142	8.34815
-30.6253	37.199	142	8.68411
-46.1123	22.7782	142	7.30545
-27.525	45.5	141	1.8125
-43.5337	22.9343	140	13.3969
-31.381	36.8868	140	13.1182
-31.1425	37.086	139	11.5919
-45.45	52.1	138	76.4681
-30.7027	37.1067	136	11.4694
-31.0768	36.8255	136	15.477
-46.6253	22.0507	135	9.86872
-31.097	36.8303	135	15.3313
-30.6382	37.1867	134	8.76467
-32.5148	37.6198	134	8.58825
-31.1262	37.0832	133	11.8015
-31.0377	36.8187	133	15.7463
-31.0572	36.8222	133	15.6124
-30.8647	36.9255	131	16.5848
-32.313	37.5793	130	6.71837
-31.1177	36.834	130	15.1855
-32.5023	37.6172	128	8.49891
-30.9597	36.8162	128	16.2669
-32.442	37.6055	128	7.95943
-30.6488	37.1722	127	8.95022
-32.502	37.5403	125	7.80289
-30.9607	36.8033	125	16.3097
-27.4283	45.5267	124	2.20809
-30.6615	37.1607	123	9.16839
-31.1743	37.0925	122	11.1267
-32.5025	37.617	121	8.49671
-43.5267	22.9298	121	13.4526
-32.471	37.5353	121	7.5992
-31.0758	37.074	120	12.3292
-30.9718	36.8047	119	16.2197
-31.1593	36.8435	119	14.8723
-46.6339	22.0495	118	9.90127
-43.5002	22.9755	118	13.6412
-31.4063	36.8928	117	12.9277
-46.0723	22.8137	117	7.09152
-31.1788	36.8463	116	14.7315
-30.9497	36.8283	115	16.2949
-31.0307	37.0608	115	12.9508
-30.9378	36.842	114	16.3292
-43.5318	22.9702	113	13.3993
-46.5827	22.0522	113	9.65222
-30.8013	36.7693	113	17.5302
-46.1052	22.7692	113	7.25552
-31.1913	37.0948	111	10.9314
-30.6702	37.1482	110	9.59631
-43.5364	22.9288	109	13.3777
-30.9255	36.8567	109	16.3662
-46.5949	22.0515	109	9.72897
-46.5478	22.0688	109	9.46554
-31.0007	37.0595	107	13.1766
-27.3283	45.7367	107	2.26259
-43.5324	22.9287	107	13.4081
-30.9123	36.8715	106	16.4099
-46.1328	22.78	105	7.46369
-46.6057	22.0623	105	9.81151
-30.681	37.134	104	10.178
-30.887	36.8977	103	16.5106
-32.1413	37.1087	102	4.32063
-46.6092	22.0615	102	9.82732
-30.7213	37.0955	102	12.0633
-43.5342	22.9293	102	13.3942
-44.8296	28.1367	101	6.81074
-58.1417	24.3583	100	81.3408
-31.9383	37.0683	100	7.0755
-30.8765	36.9117	100	16.5414
-44.8303	28.137	100	6.81695
-44.3362	26.5872	100	2.00142
-46.098	22.7755	100	7.20666
-46.5947	22.0533	100	9.73148
-46.6487	22.0145	100	9.77822
-32.0805	37.0967	99	5.11934
-43.544	22.9252	98	13.3226
-30.8968	37.0403	98	14.3374
-32.4422	37.6055	98	7.96096
-30.9	36.8848	98	16.4571
-30.9455	37.0497	98	13.7592
-30.7315	37.0855	97	12.591
-43.5295	22.93	97	13.4304
-46.646	22.0185	97	9.79456
-27.5017	45.4417	97	2.09828
-30.962	37.0527	96	13.5556
-43.527	22.945	96	13.4462
-31.031	37.0607	95	12.9519
-24.8754	31.4593	94	95.0849
-30.8803	37.0373	94	14.544
-43.5202	22.9815	94	13.4784
-31.9383	37.0683	94	7.0755
-30.8185	36.9763	94	16.7696
-43.5322	22.9638	93	13.4003
-30.9423	36.7997	93	16.4588
-32.4207	37.6013	93	7.74883
-65.7167	36.2333	92	149.429
-32.132	37.0365	91	5.41067
-46.0635	22.7807	91	7.01572
-30.8062	36.9932	91	16.6275
-46.584	22.0173	90	9.59201
-30.929	37.0468	89	13.959
-43.5382	22.9292	89	13.3642
-46.0632	22.8115	88	7.04162
-46.5837	22.0233	88	9.59678
-30.8185	36.9763	88	16.7696
-46.6235	22.0522	87	9.86613
-32.5773	37.6317	86	9.16507
-32.121	37.1047	85	4.59075
-46.582	22.0623	85	9.66959
-30.995	37.0587	84	13.2259
-46.6415	22.0225	84	9.80339
-31.918	37.0642	83	7.3951
-30.9125	37.0437	83	14.1413
-46.6003	22.0577	81	9.77283
-43.5337	22.979	81	13.3772
-46.62	22.0532	81	9.85454
-46.5819	22.0282	81	9.58859
-31.0445	37.0582	80	12.9463
-46.5747	22.0517	80	9.59732
-46.5953	22.0475	80	9.72311
-32.3233	20.8	80	85.4947
-43.5163	22.9842	79	13.5061
-32.1928	37.0492	79	4.72358
-43.5237	22.9815	78	13.4513
-43.533	22.9373	78	13.4015
-32.5925	37.6358	77	9.31903
-32.1727	37.045	77	4.95253
-30.8637	37.0348	77	14.7524
-43.5299	22.9422	76	13.4243
-30.7943	37.0068	76	16.2861
-27.5217	45.3517	76	2.21408
-25.4853	31.1952	76	93.3502
-46.1255	22.7668	75	7.40147
-58.7717	25.7833	75	79.6996
-43.5342	22.958	75	13.3874
-46.6405	22.0325	75	9.85159
-25.4877	31.2142	74	93.2875
-46.581	22.0427	74	9.61819
-58.76	24.585	73	84.5153
-30.8208	36.7732	73	17.3847
-43.533	22.9602	73	13.3958
-32.2135	37.0532	73	4.48444
-32.445	21.165	73	84.5643
-32.2945	37.0695	72	3.51855
-46.641	22.0273	72	9.82673
-46.5747	22.0338	72	9.54751
-75.3185	31.9452	72	176.05
-13.1785	40.9863	72	124.047
-46.6388	22.0415	71	9.88886
-75.0933	32.935	70	177.054
-43.5277	22.9797	70	13.4223
-25.3195	31.2857	70	93.905
-24.8965	31.4352	70	95.0957
-24.9617	31.4608	69	94.7776
-43.5337	22.9313	69	13.3977
-32.5027	37.6172	69	8.50068
-13.1737	40.9952	69	124.084
-24.809	31.4509	69	95.3878
-32.1522	37.0408	69	5.18307
-46.0607	22.802	69	7.02127
-24.8525	31.3897	69	95.3922
-43.532	22.9528	68	13.4058
-43.5275	22.9817	68	13.4218
-24.9078	31.44	68	95.0406
-30.8485	37.0315	68	15.0288
-19.5817	9.2683	68	104.49
-24.8085	31.4486	67	95.3987
-45.9667	54.2	67	54.2601
-24.902	31.437	67	95.071
-22.0267	9.47	67	98.2859
-43.4672	22.9752	67	13.908
-24.9178	31.4941	66	94.8213
-46.5822	22.0485	66	9.64043
-24.8074	31.4437	66	95.4221
-60.6667	34.4167	66	115.61
-43.532	22.9393	66	13.4087
-10.9083	36.3	66	168.558
-30.8523	36.9393	66	16.6357
-27.635	45.605	65	0.980288
-43.5303	22.948	65	13.42
-24.9135	31.484	65	94.8713
-12.0433	36.9268	65	132.152
-24.8103	31.4544	65	95.3687
-24.822	31.4114	64	95.446
-30.9028	36.791	64	16.7625
-30.8062	36.9932	64	16.6275
-34.455	45.8217	64	46.8578
-46.0953	22.779	64	7.18872
-46.6163	22.055	63	9.8438
-24.8122	31.4578	63	95.3471
-24.9533	31.4568	63	94.8212
-46.5949	22.0438	63	9.71304
-24.8468	31.378	63	95.4649
-31.0088	37.0613	63	13.0793
-24.8132	31.4618	63	95.3275
-57.555	14.335	62	84.2689
-44.8302	28.1365	62	6.81481
-75.0367	33.0767	62	177.182
-46.097	22.7853	62	7.1973
-24.8278	31.3605	62	95.6367
-24.9435	31.4547	61	94.8628
-32.35	17.2167	61	88.2231
-59.3667	39.8433	61	155.112
-60.271	40.6125	61	162.027
-13.2005	41.0045	61	123.866
-46.6047	22.0588	61	9.79856
-24.8917	31.4333	61	95.1177
-46.0893	22.806	61	7.1667
-25.314	31.3187	61	93.8166
-43.5148	22.9818	61	13.5203
-24.8117	31.4702	61	95.302
-24.8151	31.465	60	95.3066
-43.5017	22.9783	60	13.6268
-25.4013	31.2848	60	93.4653
-46.1257	22.7237	60	7.36662
-25.4233	31.2878	60	93.3556
-32.327	37.5825	60	6.7467
-46.1015	22.7727	60	7.23022
-18.55	49.9667	59	61.464
-24.8328	31.4186	59	95.3698
-46.638	22.045	59	9.90089
-25.4158	31.2873	59	93.3906
-24.9347	31.45	59	94.9094
-20.0517	9.1333	59	103.092
-46.0953	22.7938	59	7.1872
-25.4562	31.288	58	93.2104
-46.6395	22.037	58	9.87057
-60.2833	40.6367	58	162.223
-24.8565	31.3983	58	95.3464
-43.5328	22.9507	58	13.4002
-15	48.8667	58	83.7301
-30.8308	36.9658	58	16.7392
-46.576	22.032	58	9.55153
-32.1007	37.1007	58	4.86295
-25.3788	31.289	58	93.564
-34.1167	20.4667	58	76.1473
-46.0945	22.7802	58	7.18352
-24.8175	31.4679	58	95.2847
-24.9125	31.4422	57	95.0164
-25.4387	31.2875	57	93.2887
-25.3608	31.3005	57	93.619
-19.45	9.2667	57	104.834
-15.8468	36.9025	57	112.576
-31.0093	37.0662	57	12.9343
-43.5228	22.9815	57	13.4583
-24.8386	31.4299	57	95.3167
-25.3203	31.3183	57	93.7813
-43.5312	22.926	57	13.4176
-46.573	22.0332	57	9.53314
-24.8029	31.4374	57	95.4689
-24.8058	31.4397	57	95.4451
-46.6484	22.01	57	9.74762
-24.9104	31.469	57	94.9353
-46.0595	22.8148	56	7.0244
-24.8148	31.4088	56	95.4991
-30.8308	37.0287	56	15.2983
-60.291	40.6477	56	162.314
-11.2698	37.1098	56	128.48
-46.523	22.0767	56	9.32319
-24.8598	31.4107	56	95.2955
-75.09	32.9683	56	177.118
-12.474	40.8388	56	129.58
-60.2867	40.641	56	162.259
-60.2278	40.5428	56	161.475
-58.7217	24.3517	56	83.6619
-75.9657	32.0582	56	178.892
-76.0175	32.1097	56	179.333
-43.5237	22.9522	56	13.4703
-43.5187	22.9542	56	13.5089
-46.5762	22.0095	55	9.49027
-69.6	37.0833	55	162.749
-24.7984	31.4345	55	95.5041
-24.8333	31.365	55	95.5874
-59.3767	39.835	55	155.062
-60.315	40.6583	55	162.425
-46.1167	22.7738	55	7.33843
-46.0668	22.7777	55	7.03066
-43.5297	22.921	55	13.4295
-75.508	31.8152	55	176.505
-25.345	31.3108	55	93.6669
-75.1117	32.8983	55	177.038
-43.4967	22.9547	55	13.6841
-75.4947	31.825	54	176.494
-24.84	31.3703	54	95.5303
-60.2967	40.6517	54	162.35
-24.9217	31.4453	54	94.9724
-46.0989	22.7903	54	7.20844
-24.8862	31.4308	54	95.1436
-60.2845	40.64	54	162.249
-46.615	22.0573	54	9.84419
-24.9066	31.4647	53	94.9636
-75.5812	31.7572	53	176.52
-32.2933	37.5762	53	6.65671
-60.1967	40.5118	53	161.196
-60.2238	40.5675	53	161.624
-46.1175	22.7567	53	7.33668
-46.0958	22.777	53	7.19238
-32.0602	37.0925	53	5.38383
-24.796	31.4031	53	95.6422
-75.3398	31.9323	53	176.119
-46.0895	22.8015	53	7.16146
-25.472	31.2862	53	93.1494
-60.2575	40.6035	52	161.943
-57.7833	24.5967	52	79.7752
-60.2447	40.5875	52	161.808
-75.7883	32.755	52	179.782
-24.8695	31.4195	52	95.2355
-10.7167	36.2717	52	159.633
-43.5148	22.953	52	13.5401
-60.2747	40.5553	52	161.659
-46.61	22.0552	52	9.8161
-12.8888	40.9633	52	126.467
-60.296	40.553	51	161.693
-75.4152	31.8832	51	176.361
-60.24	40.5583	51	161.601
-30.8417	36.9533	51	16.6885
-60.2917	40.5543	51	161.69
-60.2782	40.6297	51	162.165
-12.8607	40.9333	51	126.73
-57.8557	38.9873	51	148.514
-24.8758	31.4247	51	95.1973
-60.8167	40.55	51	162.362
-75.0117	33.12	51	177.194
-43.5213	22.9547	51	13.4883
-74.9817	33.1633	50	177.198
-75.3852	31.9072	50	176.284
-28.1717	45.7683	50	2.86195
-30.9227	36.7947	50	16.6165
-43.4625	22.974	50	13.9471
-75.5248	31.8013	50	176.512
-30.8308	36.9658	50	16.7392
-43.5052	22.9817	50	13.5959
-59.355	39.86	50	155.219
-31.9587	37.0723	50	6.77751
-46.0714	22.7743	50	7.05297
-60.2473	40.5492	50	161.562
-31.8775	37.0562	50	7.91913
-46.137	22.78	50	7.49579
-46.089	22.8108	50	7.1735
-75.0267	33.11	50	177.23
-75.5648	31.7678	50	176.508
-60.3167	25.9667	49	91.1125
-75.5552	31.7785	49	176.524
-13.145	42.145	49	125.646
-60.2518	40.5688	49	161.693
-32.2183	20.67	49	86.0743
-11.2267	36.3633	49	152.887
-60.2638	40.6037	49	161.953
-46.119	22.7867	49	7.35725
-32.2022	37.1208	49	3.53345
-75.1163	31.4497	49	173.639
-60.2122	40.5788	49	161.679
-43.5128	22.935	49	13.5633
-12.8858	40.9587	49	126.496
-58.7317	24.33	49	83.5643
-46.1222	22.7703	49	7.37866
-43.4597	22.9765	49	13.9675
-24.8815	31.4287	48	95.1655
-32.0398	37.0885	48	5.65589
-75.5395	31.795	48	176.542
-75.3662	31.9163	48	176.211
-60.3267	40.6667	48	162.499
-46.1138	22.7872	48	7.31605
-32.1617	37.1127	48	4.05696
-28.2017	45.705	48	2.82888
-57.8468	38.996	48	148.532
-60.212	40.5238	47	161.311
-13.035	42.1283	47	127.138
-43.5308	22.9233	47	13.4208
-75.1667	31.4992	47	174.017
-75.0517	33.0483	47	177.165
-75.9837	32.0768	47	179.046
-43.5485	22.9172	47	13.2924
-43.5077	22.9818	47	13.5761
-74.9977	33.1447	47	177.204
-75.4355	31.8695	47	176.41
-46.0588	22.8117	47	7.01864
-60.2205	40.5763	47	161.679
-46.1335	22.76	47	7.45604
-43.5258	22.9522	47	13.4539
-30.7623	36.762	47	17.8191
-46.051	22.7998	47	6.96993
-43.5148	22.9533	47	13.54
-75.0993	31.4333	47	173.507
-46.1022	22.7443	46	7.22266
-75.4783	31.8362	46	176.478
-75.427	31.8793	46	176.402
-75.4663	31.8452	46	176.466
-31.979	37.0765	46	6.48856
-46.1289	22.7632	46	7.42431
-13.1525	40.9843	46	124.262
-58.2217	25.9833	45	77.3718
-31.5077	36.913	45	12.1218
-75.1338	31.4685	45	173.779
-75.0848	31.4175	45	173.383
-43.5218	22.9323	45	13.4912
-46.5247	22.0308	45	9.23977
-76.0002	32.0948	45	179.197
-46.067	22.8145	44	7.06431
-46.1184	22.7802	44	7.35181
-60.2167	40.5333	44	161.385
-46.0877	22.7852	44	7.14422
-43.5457	22.9208	44	13.3111
-13.55	42.15	44	119.909
-32.1818	37.1168	44	3.79725
-30.7977	37.022	44	15.6474
-76.0333	32.1257	43	179.452
-31.4468	36.9005	43	12.5873
-44.8297	28.136	43	6.80958
-75.4065	31.8902	43	176.342
-75.454	31.8552	43	176.448
-43.5112	22.9802	43	13.5501
-44.2588	26.5735	42	2.63479
-32.273	37.572	42	6.55136
-75.1522	31.4997	42	173.967
-46.126	22.7512	42	7.39398
-30.814	37.0257	41	15.4669
-43.4977	22.9742	41	13.6622
-75.3962	31.8975	41	176.314
-75.4442	31.8622	41	176.426
-46.0924	22.7533	41	7.16468
-60.23	40.5517	41	161.536
-44.8152	26.159	40	0.400904
-43.4993	22.9543	40	13.6634
-12.8367	42.1617	40	129.244
-32.485	37.5372	39	7.68801
-46.0725	22.8017	39	7.08022
-43.5073	22.9352	39	13.6085
-46.135	22.7408	39	7.44953
-46.0903	22.7815	39	7.15872
-43.4645	22.9542	39	13.9489
-15.3267	48.525	39	79.653
-46.5245	22.0263	38	9.22843
-31.4873	36.909	38	12.2686
-28.7833	42.6167	38	3.22826
-57.8667	24.8833	38	80.8345
-44.6	51.4	38	83.33
-46.0897	22.8152	38	7.18614
-31.4265	36.8965	38	12.7688
-43.5027	22.9542	38	13.6361
-45.25	43.4833	37	113.503
-30.7943	37.0068	37	16.2861
-61.35	41.9167	37	176.324
-30.7977	37.0223	37	15.6338
-46.121	22.7268	36	7.33726
-46.57	22.0097	36	9.43152
-46.5257	22.044	36	9.27863
-46.073	22.7708	36	7.05927
-46.1307	22.7437	36	7.42148
-46.525	22.0355	35	9.25403
-46.5267	22.0493	35	9.29561
-46.0752	22.8123	35	7.10479
-31.9992	37.0805	35	6.21223
-32.0195	37.0845	35	5.93265
-46.0972	22.7485	35	7.19254
-19.58	9.0683	35	103.785
-46.0925	22.7977	34	7.17361
-31.8978	37.0602	34	7.69338
-13.202	41.0105	34	123.854
-13.1137	40.9855	34	124.575
-43.463	22.9565	34	13.9589
-46.5828	22.0128	34	9.57074
-75.8	32.6717	34	179.719
-30.8417	36.9533	33	16.6885
-46.0882	22.7698	33	7.14649
-43.5057	22.954	33	13.6122
-43.4628	22.959	33	13.9583
-57.1783	25.4817	33	71.7083
-46.1289	22.7473	33	7.41173
-46.0595	22.783	33	6.99704
-46.1218	22.7532	32	7.36517
-46.5252	22.0533	32	9.29503
-45.1333	41.5167	32	104.908
-46.108	22.7395	32	7.25833
-46.0565	22.7872	32	6.98592
-43.4668	22.956	32	13.9285
-43.5047	22.9355	32	13.6297
-30.8393	36.7773	31	17.2394
-28.4567	45.7517	31	4.73908
-46.1145	22.7605	31	7.31751
-43.4695	22.9532	31	13.909
-43.4645	22.9625	31	13.9413
-31.467	36.9043	31	12.4064
-46.5302	22.0747	31	9.36459
-43.5347	22.9553	30	13.3844
-46.0798	22.7933	30	7.10744
-43.5087	22.953	30	13.5886
-31.5887	36.9292	30	11.484
-46.0875	22.7888	29	7.14355
-46.0532	22.7897	29	6.97164
-46.5252	22.068	29	9.32185
-46.0893	22.7567	29	7.14716
-46.0767	22.7948	29	7.0939
-46.0803	22.8122	29	7.13054
-46.1145	22.7297	28	7.29508
-27.5933	45.6617	28	1.06752
-46.5248	22.04	28	9.26459
-46.108	22.7658	28	7.27408
-43.5347	22.9528	28	13.3851
-43.5188	22.934	27	13.5148
-43.5162	22.934	27	13.536
-44.8306	28.1362	27	6.81706
-61.3	27.4333	27	93.6799
-46.1182	22.7302	26	7.32102
-31.5278	36.917	26	11.9561
-46.5297	22.0152	26	9.21819
-31.5683	36.9252	26	11.6156
-46.0918	22.774	25	7.16847
-46.049	22.7935	25	6.95406
-16.9667	48.2333	24	65.4498
-17.6333	49.15	24	63.159
-43.5373	22.953	24	13.3653
-43.5002	22.9542	24	13.6562
-46.5253	22.0717	24	9.32899
-46.0845	22.7563	24	7.11727
-46.114	22.7628	24	7.31515
-46.123	22.7815	23	7.38798
-46.0917	22.787	23	7.16603
-25.985	9.7733	23	88.2524
-44.8311	28.1372	23	6.82365
-46.083	22.789	23	7.12079
-43.5097	22.9347	22	13.589
-27.735	45.47	22	0.811346
-46.5665	22.0097	22	9.40323
-31.5482	36.9212	22	11.7774
-46.525	22.0213	21	9.21915
-46.0805	22.7632	19	7.09743
-46.0735	22.765	19	7.05776
-44.8306	28.136	19	6.81651
-46.5247	22.0633	19	9.31029
-46.0729	22.7562	19	7.04758
-46.525	22.0577	18	9.30203
-46.0832	22.7668	18	7.11553
-46.1117	22.7368	18	7.28162
-46.536	22.0153	17	9.24663
-46.1278	22.78	17	7.42509
-46.0722	22.7608	17	7.04699
-46.5462	22.015	16	9.29859
-27.13	45.6167	16	3.5476
-44.8308	28.1367	15	6.81997
-46.077	22.7557	15	7.07157
-46.5828	22.0092	14	9.55871
-46.5618	22.0088	13	9.36479
-44.8309	28.1366	13	6.82047
-29.455	45.3933	13	10.3029
-44.8148	26.159	10	0.40249
-44.8307	28.1364	10	6.81838
-27.225	45.385	10	3.67396
-46.5528	22.0093	10	9.3094
-13.3117	42.1417	8	123.426
-46.5255	22.0172	8	9.21036
-46.5338	22.0713	8	9.38154
-46.0805	22.7565	6	7.09312
-29.7167	45.5033	4	12.3209
-44.8308	28.1369	4	6.82052
-44.8308	28.1368	4	6.82025
-64.7	32.3667	46	118.39
-68.6333	13.7167	46	148.99
-57.6183	14.3283	203	84.4931
-57.625	14.3317	196	84.5006
-57.6283	14.335	137	84.4983
-58.7207	15.5245	132	81.0219
-58.6627	15.5265	125	80.586
-58.7044	15.5311	113	80.9093
-58.7141	15.5301	106	80.9745
-58.7475	15.5172	106	81.1889
-58.7121	15.5302	99	80.9613
-58.7046	15.5328	97	80.9108
-57.6183	14.3317	95	84.4807
-58.6986	15.533	92	80.8703
-58.7071	15.5326	91	80.9275
-58.7062	15.5306	89	80.9215
-58.7031	15.5329	88	80.9008
-58.6976	15.5333	88	80.8635
-58.6969	15.5339	87	80.859
-58.6986	15.532	85	80.8698
-58.7165	15.5269	85	80.9922
-58.6985	15.5325	85	80.8694
-57.6167	14.3317	85	84.476
-58.7023	15.5318	84	80.8952
-58.697	15.5337	84	80.8595
-58.7162	15.5228	83	80.9929
-58.7035	15.5314	83	80.9032
-58.6971	15.5346	83	80.8608
-58.704	15.53	82	80.9064
-58.7065	15.5292	81	80.9235
-58.7137	15.5197	81	80.9777
-58.6997	15.534	80	80.8782
-58.7079	15.5291	80	80.9331
-58.7032	15.5333	80	80.9015
-58.6962	15.5341	78	80.8542
-58.7293	15.523	77	81.0788
-58.7086	15.5316	77	80.9376
-58.6923	15.5354	76	80.8279
-58.7113	15.5283	76	80.9565
-58.7028	15.522	76	80.8955
-57.61	14.5683	75	83.5254
-58.6982	15.5325	75	80.8673
-58.6916	15.5348	75	80.8222
-58.7183	14.41	74	88.6967
-58.71	15.5283	73	80.9476
-58.7053	15.5306	73	80.9154
-58.7106	15.5311	73	80.951
-58.7003	15.5317	72	80.8815
-57.4719	12.3088	72	91.4875
-58.7072	15.5283	71	80.9283
-57.4795	12.3091	71	91.5269
-58.7142	15.5212	71	80.9801
-58.7085	15.5283	70	80.9373
-58.6895	15.5173	70	80.7747
-57.4765	12.3086	68	91.513
-58.7022	15.5329	67	80.8947
-57.4769	12.3091	67	91.5129
-58.7001	15.5325	66	80.8804
-57.5007	12.3057	66	91.6568
-57.4744	12.3087	66	91.5013
-57.6267	14.3267	65	84.5247
-58.7025	15.5331	65	80.8968
-58.7011	15.5335	65	80.8875
-58.6904	15.5348	65	80.8135
-57.7308	14.3433	65	84.8128
-58.7023	15.5331	64	80.8954
-58.6974	15.5334	64	80.8622
-58.6952	15.5345	64	80.8475
-58.6943	15.5184	63	80.8227
-58.6994	15.5326	63	80.8757
-57.4699	12.3094	63	91.4742
-57.6467	14.3383	62	84.5446
-58.701	15.5305	62	80.8858
-58.701	15.5313	62	80.8861
-57.335	14.335	62	83.5922
-57.6633	14.3367	61	84.606
-58.6997	15.5322	61	80.8775
-58.7013	15.5321	60	80.8884
-58.6988	15.5329	60	80.8717
-57.5086	12.3076	60	91.6889
-57.68	14.3367	60	84.6649
-58.6807	15.5153	60	80.6796
-58.6342	15.5268	59	80.443
-57.7282	14.343	58	84.8051
-57.4818	12.309	58	91.5397
-58.7004	15.5338	57	80.8828
-57.4982	12.3053	57	91.6455
-57.7238	14.3433	57	84.7891
-58.7552	15.5178	56	81.2241
-57.6928	14.3367	56	84.7113
-57.6333	14.3383	55	84.5016
-57.4917	12.3086	55	91.595
-57.7438	14.3338	55	84.8951
-57.8113	14.3367	55	85.1261
-57.7282	14.34	54	84.8167
-57.5783	14.345	54	84.309
-57.4893	12.3083	54	91.5835
-57.5683	14.3433	54	84.2825
-58.7633	14.4183	53	88.879
-57.4955	12.3065	53	91.6254
-57.494	12.3088	53	91.6064
-58.7125	15.5193	53	80.9692
-57.682	14.3347	53	84.6799
-57.712	14.3383	53	84.7702
-57.5867	14.3417	53	84.3478
-58.785	14.4117	52	89.0306
-57.8003	14.3293	52	85.1177
-57.4852	12.3076	52	91.5646
-57.4874	12.3079	52	91.5751
-57.4685	12.3098	52	91.4651
-57.6183	14.31	52	84.5601
-57.7633	14.3363	51	84.9558
-58.6197	15.5267	51	80.3518
-57.4835	12.3082	51	91.5526
-57.4621	12.3096	51	91.4327
-57.9955	14.365	51	85.6902
-57.791	14.3367	50	85.0534
-58.1917	14.3833	49	86.3902
-57.5817	14.565	49	83.4837
-57.8317	14.3392	48	85.1882
-58.0133	14.367	48	85.7503
-58.0283	14.369	48	85.7995
-57.4653	12.3094	48	91.4501
-57.466	12.3099	48	91.4515
-57.6217	14.3583	48	84.395
-57.8788	14.3483	47	85.3182
-58.7031	15.5311	47	80.9005
-58.702	15.5334	47	80.8935
-57.7553	14.3318	46	84.9448
-57.6017	14.5667	46	83.5135
-57.4541	12.3111	46	91.385
-57.6317	14.3383	45	84.4966
-57.735	14.3385	45	84.8457
-57.8447	14.3405	45	85.2291
-57.9257	14.3417	45	85.5228
-57.9125	14.3442	45	85.4614
-58.6989	15.5336	45	80.8726
-57.6117	14.335	44	84.4495
-57.7	14.565	44	83.7677
-57.7887	14.3457	43	85.0057
-57.6783	14.5717	43	83.6779
-57.854	14.34	43	85.2649
-57.8715	14.3428	41	85.3157
-57.62	14.3417	41	84.4495
-57.78	14.355	40	84.9343
-57.6283	14.325	40	84.5363
-58.7517	14.4167	39	88.8288
-58.1183	14.374	39	86.1307
-58.702	15.5313	39	80.893
-57.6433	14.59	39	83.5092
-57.8187	14.3367	39	85.1527
-57.7067	14.5683	38	83.7703
-57.7125	14.5683	38	83.7856
-57.8648	14.335	37	85.326
-57.91	14.3383	37	85.4768
-57.6583	14.5733	37	83.6197
-58.7417	14.4117	37	88.8062
-58.16	14.38	37	86.2746
-58.15	14.3733	36	86.2669
-57.9767	14.35	36	85.6846
-58.05	14.3733	36	85.8636
-57.9445	14.3455	35	85.5787
-57.9583	14.348	34	85.6217
-57.6167	14.3333	34	84.4702
-58.18	14.3867	34	86.3234
-57.804	14.3228	33	85.1569
-58.2217	14.3833	30	86.5159
-57.8637	14.338	29	85.3088
-57.885	14.3428	29	85.3647
-58.0733	14.3742	29	85.9496
-57.8933	14.3417	26	85.3998
-58.4117	14.395	22	87.293
-58.21	14.385	21	86.4584
-58.2533	14.3833	20	86.6518
-58.3883	14.395	20	87.1836
-58.3733	14.3933	19	87.1259
-58.3367	14.3933	17	86.9604
-58.4317	14.4017	17	87.3529
-58.2317	14.385	13	86.5495
-58.3517	14.3883	9	87.0551
-58.415	14.3867	7	87.3541
-45.7667	21.9333	272	3.65007
-45.65	23.1	126	4.62
-44.95	21.0667	75	5.59121
-66.575	20.2333	64	112.247
-52.05	19.1667	59	39.5419
-25.4417	29.0333	58	102.445
-24.3167	29.1333	56	107.396
-25.2417	29.0833	54	103.373
-66.575	20.2083	54	112.212
-25.3833	29.5833	52	101.069
-25.45	29.0583	51	102.361
-25.4333	28.9917	50	102.557
-25.55	29.05	47	101.943
-25.4417	28.85	46	102.807
-25.3917	28.8333	44	103.133
-61.5	19.4167	43	87.5307
-25.2917	29.5667	43	101.537
-65.05	21.1333	42	103.345
-57.65	16.4	29	76.5269
-49.0167	20.2	21	24.4002
-46.5	21.1	13	6.24
-74.87	31.26	54	171.924
-23.2317	56.0433	62	53.9529
-23.3433	56.0883	66	53.3052
-23.5283	56.29	68	52.2065
-70.0283	35.495	51	159.619
-9.3097	35.8597	60	133.71
-9.3097	35.8597	60	133.71
-27.3	46.6167	273	0.711275
-44.9833	23.95	117	10.7172
-42.8	58.0333	85	49.6599
-38.5667	56.7833	84	19.3444
-35.5	57.8667	82	15.9403
-43.7167	56.8333	77	38.2353
-20.4667	42.4333	74	56.1799
-20.2833	42.8	70	55.8034
-44.7	56.1833	69	50.0937
-44.2667	53.6333	69	48.8802
-44.8833	56.9333	67	41.6298
-44.2333	23.5667	67	15.0108
-20.2833	42.7667	67	56.0531
-43.8833	55.0167	64	46.2461
-20.2833	42.7833	63	55.9333
-39.4	59.7667	63	48.3701
-44.55	56.0667	62	49.3843
-20.25	42.8333	61	55.7484
-10.75	44.9167	58	92.6823
-20.2667	42.8167	58	55.7845
-20.25	42.8333	57	55.7484
-19.0333	35.6	56	103.53
-24.1833	54.05	56	62.9415
-60.55	29.9333	55	98.0649
-19.825	43.1	54	55.2349
-22.9667	46.5	54	32.1996
-19.9333	43.1167	52	54.0751
-14.6667	41.45	51	107.795
-62.2	29.7833	50	104.142
-26.45	26.2333	50	107.393
-21	27.1667	50	136.85
-55.7333	25.3	50	63.1398
-12.65	43.7	49	103.195
-21	36.3333	48	88.2101
-17.35	36.65	48	104.738
-15.15	40.9833	48	102.445
-44.9167	28.7833	47	9.57321
-23.8667	29.5833	47	108.46
-11.45	45.3167	47	84.2638
-11.8333	31.2	46	172.92
-13.0667	46.5333	46	97.2696
-12.2167	39.6	44	127.909
-21.1	27.1667	44	136.16
-54.6	29.85	44	73.7794
-19.9667	26.95	42	147.406
-11.4667	45.3167	42	84.2882
-64.7333	31.8917	41	116.921
-59.1833	29	40	91.1243
-14.4	34.1	39	148.17
-18.9333	35.5667	39	104.44
-21.0833	27.2083	39	135.927
-42.8167	28.85	34	3.78543
-43.2	29.0667	34	0.37994
-57.9833	28.5	33	85.7199
-5.7833	45.4667	31	89.7715
-34.2167	25.0833	29	70.6009
-46.7333	28.9333	28	23.7796
-55.25	24.0667	26	64.6744
-34.7	59.3667	24	21.2104
-15.85	34	24	135.896
-42.4667	23.6	21	26.1098
-41.1667	29.0333	17	14.69
-39.1	24.2667	17	42.1799
-60.0467	23.7567	760	87.5172
-60.0483	23.7567	340	87.5234
-60.0483	23.7567	229	87.5234
-60.0467	23.7567	191	87.5172
-60.0483	23.7567	158	87.5234
-60.1583	23.6883	125	87.8398
-60.05	23.7567	111	87.53
-60.0467	23.7567	110	87.5172
-60.1617	23.685	105	87.8481
-60.1433	23.7	103	87.7989
-60.1633	23.56	93	87.6568
-60.0467	23.7567	91	87.5172
-58.9367	23.6383	89	82.9822
-60.15	23.695	80	87.8175
-60.175	23.5583	79	87.6988
-60.1467	23.6967	78	87.8072
-60.18	23.5567	77	87.716
-60.045	23.7567	73	87.5105
-60.1567	23.69	73	87.8362
-58.9683	23.6333	72	83.1068
-58.9283	23.64	72	82.9514
-59.8783	23.7767	70	86.9004
-60.1667	23.5617	70	87.6721
-59.88	23.78	68	86.912
-60.1533	23.6933	67	87.8279
-58.9217	23.6417	66	82.9288
-60.1233	23.7033	64	87.7257
-60.0433	23.7567	64	87.5039
-58.9617	23.6317	63	83.0763
-59.88	23.7833	62	86.9169
-60.045	23.7567	61	87.5105
-60.0433	23.7567	61	87.5039
-58.9783	23.6333	61	83.1488
-59.8783	23.775	59	86.8979
-59.88	23.785	59	86.9195
-59.8817	23.7883	58	86.9311
-60.1633	23.6833	58	87.8518
-60.1117	23.57	57	87.4811
-58.9567	23.6333	57	83.0578
-60.1817	23.555	56	87.7202
-60.155	23.5633	56	87.6321
-59.8767	23.77	56	86.8841
-58.9433	23.6367	56	83.0068
-60.1867	42.7033	55	177.936
-59.8767	23.7733	54	86.8891
-59.8767	23.7667	52	86.8792
-60.1167	23.5683	52	87.4983
-59.8767	23.7683	52	86.8816
-58.9917	23.6333	51	83.2051
-60.1417	23.5633	51	87.5849
-60.13	23.565	51	87.5446
-63.225	42.0617	50	177.246
-34.415	37.035	50	9.95976
-60.0233	23.7567	49	87.4257
-58.9833	23.6333	49	83.1698
-58.9867	23.6333	49	83.1841
-60.1217	23.5667	48	87.5154
-60.17	23.56	48	87.682
-54.0533	42.665	48	157.675
-59.875	23.7767	45	86.8875
-34.415	37.035	45	9.95976
-60.135	23.7067	44	87.7765
-60.1667	23.6817	43	87.8627
-60.0867	42.5033	42	176.133
-63.12	41.8367	40	175.566
-60.1317	23.71	38	87.7687
-60.1383	42.845	37	179.088
-55.395	42.535	37	160.704
-55.2083	42.8183	36	163.93
-53.33	43.3183	32	160.322
-53.645	42.99	31	158.492
-33.6417	36.8783	29	3.07853
-52.945	43.6217	27	161.925
-33.6433	36.88	27	3.10119
-63.005	41.6033	26	173.779
-63.2467	42.2533	25	178.527
-62.8833	41.3067	24	171.462
-33.6433	36.88	23	3.10119
-33.6683	36.8417	23	2.95417
-35.1983	37.295	21	16.8081
-58.73	15.53	100	81.0745
-58.73	15.53	92	81.0745
-58.64	15.54	92	80.5016
-42.91	3.719	81	73.1571
-58.7	15.53	75	80.8786
-46.112	22.781	72	7.30275
-48.37	58.21	71	50.2192
-11.6	46.68	59	105.342
-12.47	40.84	54	129.579
-15.53	28.44	53	167.837
-46.812	5.097	50	82.4095
-68.062	25.036	47	119.93
-15.23	27.33	46	172.076
-47.919	6.95	45	84.8538
-46.633	5.142	43	81.4788
-49.091	5.743	42	94.6838
-47.758	5.939	41	87.1947
-47.565	5.427	39	86.5796
-47.596	5.015	38	86.8223
-47.681	5.484	38	87.2054
-58.85	15.54	38	81.7136
-47.312	4.658	37	93.3514
-47.03	5.211	37	83.2718
-16.16	27.62	37	165.399
-75.469	31.843	36	176.469
-75.546	31.786	35	176.526
-47.736	5.632	34	87.0864
-74.407	28.246	34	165.796
-75.522	31.804	34	176.513
-48.029	5.373	33	89.0108
-47.503	4.722	32	92.5457
-47.529	5.143	31	86.3414
-47.207	4.596	27	93.7477
-57.615	33.686	20	101.954
0	0	37	70.55
-17.4917	14.6017	90	171.89
-17.19	14.6917	76	173.961
-17.0833	14.6333	73	174.772
-16.7917	14.7667	70	176.204
-16.9667	14.4167	66	175.7
-16.3333	16.1667	62	179.17
-17.2167	14.7333	61	173.707
-16.8667	14.6067	59	176.073
-16.7667	14.7333	57	176.4
-17.2333	14.8	57	173.44
-16.95	14.9667	57	175.195
-16.9167	14.5833	56	175.848
-17.2167	14.7333	56	173.707
-16.9033	15.0233	56	175.456
-17.2167	14.7333	55	173.707
-17.04	14.9917	55	174.616
-17.5	14.6	54	171.83
-17.0333	14.4833	52	175.287
-17.085	14.5217	52	174.947
-17.3333	14.7333	52	172.91
-17.0833	14.8333	51	174.323
-17.2667	14.5667	49	173.76
-17.1533	14.6167	47	174.369
-17.2167	14.7333	45	173.707
-17.1333	14.9167	44	174
-17.0667	14.5333	42	175.04
-17.0183	14.6017	42	175.215
-16.47	15.5367	36	177.608
-26.2167	19.2333	31	113.676
-29.2433	21.85	56	102.471
-31.8	23.1583	54	90.3359
-40.8333	28.0833	35	20.7309
-42.1833	28.8583	70	8.43477
-42.4583	30.075	318	1.85066
-42.93	29.8633	132	1.53375
-42.6083	30.1333	290	2.98579
-10.6	45.38	36	84.739
-53.05	38.6333	10	116.93
-49.6	6.7833	14	90.7869
-49.3167	8.8	55	74.7789
-51.9833	9.5167	118	81.3739
