   1 -134.854
   2 -134.638
   3 -134.669
   4 -134.992
   5 -135.708
   6 -136.316
   7 -137.069
   8 -137.668
   9 -137.916
  10 -137.962
  11 -137.867
  12 -137.575
  13 -137.420
  14 -137.424
  15 -137.521
  16 -137.644
  17 -137.870
  18 -138.160
  19 -138.344
  20 -138.336
  21 -138.377
  22 -138.269
  23 -138.277
  24 -138.267
  25 -138.423
  26 -138.691
  27 -139.226
  28 -139.496
  29 -139.766
  30 -139.886
  31 -139.814
  32 -139.504
  33 -138.953
  34 -138.269
  35 -137.818
  36 -137.425
  37 -137.294
  38 -137.690
  39 -138.052
  40 -138.558
  41 -139.105
  42 -139.479
  43 -139.920
  44 -140.303
  45 -140.602
  46 -140.988
  47 -141.266
  48 -141.560
  49 -141.553
  50 -141.289
  51 -140.908
  52 -140.211
  53 -139.414
  54 -138.577
  55 -138.007
  56 -137.613
  57 -137.606
  58 -137.784
  59 -138.124
  60 -138.231
  61 -138.207
  62 -138.035
  63 -137.828
  64 -137.554
  65 -137.316
  66 -137.163
  67 -137.000
  68 -136.848
  69 -136.576
  70 -136.351
  71 -135.739
  72 -135.220
  73 -134.522
  74 -133.743
  75 -133.262
  76 -132.786
  77 -132.377
  78 -132.260
  79 -132.253
  80 -132.506
  81 -132.971
  82 -133.677
  83 -134.253
  84 -134.858
  85 -135.321
  86 -135.621
  87 -135.832
  88 -135.650
  89 -135.367
  90 -134.981
  91 -134.726
  92 -134.515
  93 -134.500
  94 -134.693
  95 -134.920
  96 -135.485
  97 -136.217
  98 -137.042
  99 -137.996
 100 -138.975
 101 -140.019
 102 -141.089
 103 -141.881
 104 -142.571
 105 -143.052
 106 -143.135
 107 -142.994
 108 -142.577
 109 -141.939
 110 -141.259
 111 -140.385
 112 -139.870
 113 -139.381
 114 -139.131
 115 -139.372
 116 -140.013
 117 -140.770
 118 -141.651
 119 -142.747
 120 -143.629
 121 -144.050
 122 -144.148
 123 -143.718
 124 -142.994
 125 -142.025
 126 -141.088
 127 -140.364
 128 -140.009
 129 -139.959
 130 -140.298
 131 -140.820
 132 -141.449
 133 -142.035
 134 -142.451
 135 -142.606
 136 -142.452
 137 -142.110
 138 -141.533
 139 -141.067
 140 -140.271
 141 -139.642
 142 -138.926
 143 -138.132
 144 -137.493
 145 -136.830
 146 -136.364
 147 -135.891
 148 -135.519
 149 -135.144
 150 -134.691
 151 -134.294
 152 -133.842
 153 -133.548
 154 -133.402
 155 -133.297
 156 -133.410
 157 -133.650
 158 -133.854
 159 -134.142
 160 -134.364
 161 -134.560
 162 -134.570
 163 -134.389
 164 -134.141
 165 -133.940
 166 -133.905
 167 -133.919
 168 -134.266
 169 -134.753
 170 -135.061
 171 -135.691
 172 -136.303
 173 -136.595
 174 -136.644
 175 -136.387
 176 -136.131
 177 -135.885
 178 -135.590
 179 -135.444
 180 -135.657
 181 -136.247
 182 -137.202
 183 -138.242
 184 -139.597
 185 -140.964
 186 -142.289
 187 -143.457
 188 -144.165
 189 -144.430
 190 -144.181
 191 -143.562
 192 -143.056
 193 -142.458
 194 -142.031
 195 -141.948
 196 -142.067
 197 -142.612
 198 -143.479
 199 -144.518
 200 -145.691
 201 -146.765
 202 -147.481
 203 -147.946
 204 -147.590
 205 -146.774
 206 -145.421
 207 -143.981
 208 -142.547
 209 -141.550
 210 -141.387
 211 -141.495
 212 -141.848
 213 -142.643
 214 -143.380
 215 -143.941
 216 -144.474
 217 -144.772
 218 -144.588
 219 -144.468
 220 -144.204
 221 -143.649
 222 -142.876
 223 -141.907
 224 -140.640
 225 -139.197
 226 -137.726
 227 -136.574
 228 -135.574
 229 -135.001
 230 -134.911
 231 -135.251
 232 -135.614
 233 -135.868
 234 -135.752
 235 -135.401
 236 -134.969
 237 -134.298
 238 -133.655
 239 -133.007
 240 -132.403
 241 -132.258
 242 -132.270
 243 -132.286
 244 -132.478
 245 -132.709
 246 -132.994
 247 -133.269
 248 -133.379
 249 -133.581
 250 -133.889
 251 -134.216
 252 -134.566
 253 -135.011
 254 -135.386
 255 -135.525
 256 -135.676
 257 -135.854
 258 -136.198
 259 -136.384
 260 -136.793
 261 -137.371
 262 -137.825
 263 -137.977
 264 -138.201
 265 -138.138
 266 -137.769
 267 -137.578
 268 -137.499
 269 -137.787
 270 -138.221
 271 -138.996
 272 -139.876
 273 -140.555
 274 -140.975
 275 -141.124
 276 -141.180
 277 -141.290
 278 -141.412
 279 -142.026
 280 -142.735
 281 -143.317
 282 -143.888
 283 -144.224
 284 -144.169
 285 -143.969
 286 -143.333
 287 -142.434
 288 -141.584
 289 -140.788
 290 -140.276
 291 -139.704
 292 -139.649
 293 -139.780
 294 -140.148
 295 -140.603
 296 -141.023
 297 -141.423
 298 -141.683
 299 -141.810
 300 -141.880
 301 -141.615
 302 -141.431
 303 -141.165
 304 -140.905
 305 -140.557
 306 -140.127
 307 -139.733
 308 -139.269
 309 -138.814
 310 -138.313
 311 -137.873
 312 -137.468
 313 -137.489
 314 -137.675
 315 -137.861
 316 -138.028
 317 -137.960
 318 -137.801
 319 -137.378
 320 -136.834
 321 -136.120
 322 -135.611
 323 -135.213
 324 -135.019
 325 -135.129
 326 -135.427
 327 -136.003
 328 -136.457
 329 -136.941
 330 -137.396
 331 -137.673
 332 -137.618
 333 -137.492
 334 -137.285
 335 -136.871
 336 -136.442
 337 -136.058
 338 -135.813
 339 -135.761
 340 -135.657
 341 -135.614
 342 -135.695
 343 -135.764
 344 -135.887
 345 -136.114
 346 -136.105
 347 -136.146
 348 -136.125
 349 -135.977
 350 -135.976
 351 -135.870
 352 -135.892
 353 -135.805
 354 -135.686
 355 -135.731
 356 -135.689
 357 -135.707
 358 -135.850
 359 -135.845
 360 -135.932
 361 -136.236
 362 -136.459
 363 -136.921
 364 -137.484
 365 -138.190
 366 -139.064
 367 -139.793
 368 -140.584
 369 -140.965
 370 -141.031
 371 -140.740
 372 -140.156
 373 -139.241
 374 -138.377
 375 -137.746
 376 -137.259
 377 -136.964
 378 -137.113
 379 -137.663
 380 -138.259
 381 -138.977
 382 -139.654
 383 -140.216
 384 -140.625
 385 -140.954
 386 -140.966
 387 -140.902
 388 -140.801
 389 -140.442
 390 -140.114
 391 -139.943
 392 -139.840
 393 -139.587
 394 -139.465
 395 -139.582
 396 -139.799
 397 -139.887
 398 -140.012
 399 -140.171
 400 -140.087
 401 -139.746
 402 -139.195
 403 -138.400
 404 -137.665
 405 -137.001
 406 -136.932
 407 -136.931
 408 -137.123
 409 -137.667
 410 -138.119
 411 -138.535
 412 -139.046
 413 -139.382
 414 -139.769
 415 -140.212
 416 -140.447
 417 -140.643
 418 -140.434
 419 -139.698
 420 -138.792
 421 -137.930
 422 -137.026
 423 -136.220
 424 -135.793
 425 -135.537
 426 -135.448
 427 -135.445
 428 -135.505
 429 -135.644
 430 -135.767
 431 -135.882
 432 -135.832
 433 -135.834
 434 -135.842
 435 -135.677
 436 -135.525
 437 -135.405
 438 -135.104
 439 -134.929
 440 -134.717
 441 -134.476
 442 -134.180
 443 -133.700
 444 -133.267
 445 -132.965
 446 -133.082
 447 -133.301
 448 -133.717
 449 -134.195
 450 -134.776
 451 -135.249
 452 -135.681
 453 -136.046
 454 -136.465
 455 -136.955
 456 -137.470
 457 -137.913
 458 -138.325
 459 -138.641
 460 -138.839
 461 -138.943
 462 -138.986
 463 -139.044
 464 -138.988
 465 -138.952
 466 -139.086
 467 -139.288
 468 -139.565
 469 -139.987
 470 -140.447
 471 -140.786
 472 -141.432
 473 -142.088
 474 -142.703
 475 -143.307
 476 -143.804
 477 -143.936
 478 -143.739
 479 -143.282
 480 -142.743
 481 -142.169
 482 -141.662
 483 -141.194
 484 -140.906
 485 -140.723
 486 -140.643
 487 -140.670
 488 -140.553
 489 -140.480
 490 -140.303
 491 -140.182
 492 -140.209
 493 -140.295
 494 -140.283
 495 -140.001
 496 -139.687
 497 -139.206
 498 -139.049
 499 -138.992
 500 -138.937
 501 -138.920
 502 -138.950
 503 -138.814
 504 -138.555
 505 -138.199
 506 -137.541
 507 -136.942
 508 -136.573
 509 -136.078
 510 -136.023
 511 -135.897
 512 -135.855
 513 -135.992
 514 -136.164
 515 -136.268
 516 -136.234
 517 -135.856
 518 -135.257
 519 -134.558
 520 -133.992
 521 -133.427
 522 -133.216
 523 -133.205
 524 -133.167
 525 -133.444
 526 -133.954
 527 -134.390
 528 -134.836
 529 -135.136
 530 -135.473
 531 -135.363
 532 -135.215
 533 -134.839
 534 -134.371
 535 -133.980
 536 -133.667
 537 -133.672
 538 -134.030
 539 -134.595
 540 -135.394
 541 -136.109
 542 -136.628
 543 -137.032
 544 -137.039
 545 -136.902
 546 -136.857
 547 -136.704
 548 -136.644
 549 -136.668
 550 -136.928
 551 -137.234
 552 -137.359
 553 -137.524
 554 -137.796
 555 -138.044
 556 -138.340
 557 -138.614
 558 -138.877
 559 -139.016
 560 -139.240
 561 -139.491
 562 -139.619
 563 -139.749
 564 -139.909
 565 -140.234
 566 -140.714
 567 -141.330
 568 -142.035
 569 -142.793
 570 -143.378
 571 -143.611
 572 -143.537
 573 -143.160
 574 -142.473
 575 -141.783
 576 -140.898
 577 -140.188
 578 -139.693
 579 -139.564
 580 -139.707
 581 -140.005
 582 -140.739
 583 -141.573
 584 -142.348
 585 -142.740
 586 -142.988
 587 -143.015
 588 -142.619
 589 -142.015
 590 -141.416
 591 -140.606
 592 -139.824
 593 -139.063
 594 -138.405
 595 -137.883
 596 -137.195
 597 -136.375
 598 -135.708
 599 -134.913
 600 -134.206
 601 -133.669
 602 -133.485
 603 -133.555
 604 -133.847
 605 -134.345
 606 -135.058
 607 -135.529
 608 -136.053
 609 -136.290
 610 -136.240
 611 -136.100
 612 -135.708
 613 -134.960
 614 -134.459
 615 -133.961
 616 -133.423
 617 -133.062
 618 -133.458
 619 -134.042
 620 -134.943
 621 -136.100
 622 -137.101
 623 -138.060
 624 -138.699
 625 -139.084
 626 -139.172
 627 -138.856
 628 -138.515
 629 -137.850
 630 -137.094
 631 -136.373
 632 -135.931
 633 -135.637
 634 -135.744
 635 -135.977
 636 -136.391
 637 -136.810
 638 -137.255
 639 -137.722
 640 -138.074
 641 -138.158
 642 -138.207
 643 -138.111
 644 -137.765
 645 -137.345
 646 -136.735
 647 -136.251
 648 -135.887
 649 -135.905
 650 -136.223
 651 -136.639
 652 -137.059
 653 -137.326
 654 -137.579
 655 -137.463
 656 -137.300
 657 -137.025
 658 -136.837
 659 -136.693
 660 -136.698
 661 -136.827
 662 -137.252
 663 -137.647
 664 -138.195
 665 -138.616
 666 -139.097
 667 -139.479
 668 -139.903
 669 -140.222
 670 -140.689
 671 -140.872
 672 -140.992
 673 -141.029
 674 -140.924
 675 -140.609
 676 -139.988
 677 -139.579
 678 -139.052
 679 -138.600
 680 -138.211
 681 -138.165
 682 -138.224
 683 -138.480
 684 -138.774
 685 -139.195
 686 -139.634
 687 -140.086
 688 -140.238
 689 -140.474
 690 -140.446
 691 -140.348
 692 -140.099
 693 -139.586
 694 -139.082
 695 -138.413
 696 -137.862
 697 -137.359
 698 -137.117
 699 -136.928
 700 -136.772
 701 -136.660
 702 -136.652
 703 -136.411
 704 -136.013
 705 -135.595
 706 -135.272
 707 -134.813
 708 -134.571
 709 -134.524
 710 -134.702
 711 -134.766
 712 -135.095
 713 -135.531
 714 -136.063
 715 -136.598
 716 -137.004
 717 -137.500
 718 -137.876
 719 -137.923
 720 -137.468
 721 -136.724
 722 -135.745
 723 -134.573
 724 -133.421
 725 -132.667
 726 -132.310
 727 -132.646
 728 -133.427
 729 -134.494
 730 -135.823
 731 -137.090
 732 -138.194
 733 -139.032
 734 -139.560
 735 -139.870
 736 -139.848
 737 -139.545
 738 -139.054
 739 -138.581
 740 -138.207
 741 -137.869
 742 -137.640
 743 -137.545
 744 -137.479
 745 -137.434
 746 -137.413
 747 -137.389
 748 -137.358
 749 -137.330
 750 -137.367
 751 -137.314
 752 -137.224
 753 -137.039
 754 -136.997
 755 -136.958
 756 -136.936
 757 -137.371
 758 -137.940
 759 -138.578
 760 -139.395
 761 -140.188
 762 -140.842
 763 -141.084
 764 -141.172
 765 -141.024
 766 -140.381
 767 -139.901
 768 -139.257
 769 -138.976
 770 -138.683
 771 -138.772
 772 -139.065
 773 -139.397
 774 -140.019
 775 -140.592
 776 -140.940
 777 -140.939
 778 -140.595
 779 -140.086
 780 -139.573
 781 -138.837
 782 -138.174
 783 -137.467
 784 -137.067
 785 -136.863
 786 -136.822
 787 -137.156
 788 -137.844
 789 -138.749
 790 -139.504
 791 -140.287
 792 -140.681
 793 -140.729
 794 -140.273
 795 -139.585
 796 -138.742
 797 -138.057
 798 -137.425
 799 -137.049
 800 -136.856
 801 -136.985
 802 -137.134
 803 -137.300
 804 -137.448
 805 -137.445
 806 -137.321
 807 -137.164
 808 -136.851
 809 -136.656
 810 -136.345
 811 -136.311
 812 -136.455
 813 -136.584
 814 -137.175
 815 -138.175
 816 -139.133
 817 -140.214
 818 -140.968
 819 -141.433
 820 -141.547
 821 -141.343
 822 -140.759
 823 -139.821
 824 -138.897
 825 -137.973
 826 -137.458
 827 -137.116
 828 -137.112
 829 -137.251
 830 -137.516
 831 -137.904
 832 -138.033
 833 -137.967
 834 -137.925
 835 -137.704
 836 -137.620
 837 -137.660
 838 -137.795
 839 -137.986
 840 -138.102
 841 -138.067
 842 -137.969
 843 -137.684
 844 -137.563
 845 -137.609
 846 -137.906
 847 -138.455
 848 -139.028
 849 -139.975
 850 -140.754
 851 -141.335
 852 -141.871
 853 -142.232
 854 -142.120
 855 -141.577
 856 -140.674
 857 -139.592
 858 -138.408
 859 -137.404
 860 -136.536
 861 -136.066
 862 -135.977
 863 -136.299
 864 -137.053
 865 -138.025
 866 -138.988
 867 -139.897
 868 -140.472
 869 -140.851
 870 -140.908
 871 -140.660
 872 -140.110
 873 -139.569
 874 -139.240
 875 -138.954
 876 -138.879
 877 -138.993
 878 -139.107
 879 -139.315
 880 -139.473
 881 -139.708
 882 -139.861
 883 -140.112
 884 -140.120
 885 -140.225
 886 -140.038
 887 -139.767
 888 -139.447
 889 -138.732
 890 -138.010
 891 -137.406
 892 -136.869
 893 -136.887
 894 -136.971
 895 -137.156
 896 -137.638
 897 -138.300
 898 -139.005
 899 -139.795
 900 -140.529
 901 -141.192
 902 -141.731
 903 -141.953
 904 -141.880
 905 -141.638
 906 -140.938
 907 -139.969
 908 -139.050
 909 -138.134
 910 -137.352
 911 -137.016
 912 -137.127
 913 -137.991
 914 -138.861
 915 -139.652
 916 -140.188
 917 -140.361
 918 -140.159
 919 -139.593
 920 -138.774
 921 -137.843
 922 -137.309
 923 -137.076
 924 -137.287
 925 -137.818
 926 -138.544
 927 -139.104
 928 -139.395
 929 -139.535
 930 -139.422
 931 -139.162
 932 -138.912
 933 -138.826
 934 -138.739
 935 -138.787
 936 -138.810
 937 -138.830
 938 -138.596
 939 -138.340
 940 -137.944
 941 -137.537
 942 -137.237
 943 -137.195
 944 -137.325
 945 -137.660
 946 -138.314
 947 -138.955
 948 -139.659
 949 -140.190
 950 -140.394
 951 -140.167
 952 -139.448
 953 -138.715
 954 -137.772
 955 -136.994
 956 -136.701
 957 -137.019
 958 -137.838
 959 -139.290
 960 -141.170
 961 -142.755
 962 -144.201
 963 -144.925
 964 -144.985
 965 -144.221
 966 -142.774
 967 -141.038
 968 -139.191
 969 -137.562
 970 -136.793
 971 -136.449
 972 -136.464
 973 -137.201
 974 -137.956
 975 -138.764
 976 -139.230
 977 -139.218
 978 -139.166
 979 -138.992
 980 -138.563
 981 -138.286
 982 -138.292
 983 -138.542
 984 -138.847
 985 -139.127
 986 -139.352
 987 -139.421
 988 -139.220
 989 -138.681
 990 -137.971
 991 -137.484
 992 -136.870
 993 -136.381
 994 -136.035
 995 -135.604
 996 -135.078
 997 -134.389
 998 -133.808
 999 -133.222
1000 -133.103
1001 -133.526
1002 -134.377
1003 -135.576
1004 -137.130
1005 -138.622
1006 -139.695
1007 -140.558
1008 -140.864
1009 -140.776
1010 -140.518
1011 -140.097
1012 -139.457
1013 -139.158
1014 -138.983
1015 -138.846
1016 -138.849
1017 -138.923
1018 -138.855
1019 -138.684
1020 -138.304
1021 -137.754
1022 -136.916
1023 -136.186
1024 -135.735
1025 -135.429
1026 -135.732
1027 -136.257
1028 -137.465
1029 -138.835
1030 -140.324
1031 -141.390
1032 -142.248
1033 -142.411
1034 -142.023
1035 -141.108
1036 -139.972
1037 -139.001
1038 -138.038
1039 -137.299
1040 -137.028
1041 -137.271
1042 -137.546
1043 -138.115
1044 -138.764
1045 -139.402
1046 -139.832
1047 -140.101
1048 -139.963
1049 -139.618
1050 -139.169
1051 -138.769
1052 -138.891
1053 -139.149
1054 -139.564
1055 -140.274
1056 -140.973
1057 -141.343
1058 -141.235
1059 -140.796
1060 -140.337
1061 -139.714
1062 -139.360
1063 -139.223
1064 -139.203
1065 -139.273
1066 -139.556
1067 -139.858
1068 -140.281
1069 -140.450
1070 -140.724
1071 -140.998
1072 -141.146
1073 -141.212
1074 -141.047
1075 -140.664
1076 -139.997
1077 -139.379
1078 -138.568
1079 -137.828
1080 -137.229
1081 -136.908
1082 -136.843
1083 -136.941
1084 -137.235
1085 -137.664
1086 -138.129
1087 -138.572
1088 -138.841
1089 -138.901
1090 -138.653
1091 -138.416
1092 -138.120
1093 -137.944
1094 -138.040
1095 -138.339
1096 -138.875
1097 -139.741
1098 -140.416
1099 -141.020
1100 -141.419
1101 -141.779
1102 -141.739
1103 -141.635
1104 -141.286
1105 -140.754
1106 -140.145
1107 -139.381
1108 -138.484
1109 -137.715
1110 -137.082
1111 -136.480
1112 -136.191
1113 -136.250
1114 -136.594
1115 -136.921
1116 -137.282
1117 -137.567
1118 -137.574
1119 -137.307
1120 -136.864
1121 -136.498
1122 -136.207
1123 -136.091
1124 -136.258
1125 -136.407
1126 -136.653
1127 -137.028
1128 -137.398
1129 -137.711
1130 -137.856
1131 -137.876
1132 -137.892
1133 -137.868
1134 -137.625
1135 -137.325
1136 -136.911
1137 -136.335
1138 -135.941
1139 -135.724
1140 -135.637
1141 -136.001
1142 -136.733
1143 -137.608
1144 -138.468
1145 -139.238
1146 -139.586
1147 -139.486
1148 -138.880
1149 -138.111
1150 -137.356
1151 -136.824
1152 -136.777
1153 -137.168
1154 -137.975
1155 -139.086
1156 -140.154
1157 -140.831
1158 -141.040
1159 -140.823
1160 -140.295
1161 -139.809
1162 -139.544
1163 -139.589
1164 -139.975
1165 -140.748
1166 -141.597
1167 -142.358
1168 -143.023
1169 -143.356
1170 -143.392
1171 -143.215
1172 -142.766
1173 -142.220
1174 -141.679
1175 -140.931
1176 -140.549
1177 -140.080
1178 -139.504
1179 -138.863
1180 -138.403
1181 -137.988
1182 -137.707
1183 -137.645
1184 -137.956
1185 -138.319
1186 -138.802
1187 -139.287
1188 -139.499
1189 -139.404
1190 -138.989
1191 -138.399
1192 -137.778
1193 -137.167
1194 -136.804
1195 -136.405
1196 -136.310
1197 -136.419
1198 -136.551
1199 -136.348
1200 -135.945
1201 -135.266
1202 -134.555
1203 -133.929
1204 -133.702
1205 -134.138
1206 -134.828
1207 -135.687
1208 -136.698
1209 -137.381
1210 -137.642
1211 -137.468
1212 -136.832
1213 -136.188
1214 -135.641
1215 -135.240
1216 -135.403
1217 -135.975
1218 -136.726
1219 -137.778
1220 -138.642
1221 -139.438
1222 -139.987
1223 -140.124
1224 -140.010
1225 -139.852
1226 -139.653
1227 -139.240
1228 -138.958
1229 -138.858
1230 -138.641
1231 -138.477
1232 -138.244
1233 -137.902
1234 -137.400
1235 -137.014
1236 -136.759
1237 -136.857
1238 -137.268
1239 -138.005
1240 -139.128
1241 -140.284
1242 -141.510
1243 -142.263
1244 -142.686
1245 -142.497
1246 -141.982
1247 -141.226
1248 -140.356
1249 -139.946
1250 -139.831
1251 -138.732
1252 -138.850
1253 -138.789
1254 -139.120
1255 -139.578
1256 -139.776
1257 -139.823
1258 -139.872
1259 -139.699
1260 -139.527
1261 -139.257
1262 -139.017
1263 -138.767
1264 -138.464
1265 -138.174
1266 -137.794
1267 -137.633
1268 -137.460
1269 -137.198
1270 -136.997
1271 -136.812
1272 -136.667
1273 -136.305
1274 -136.168
1275 -136.028
1276 -135.931
1277 -135.893
1278 -136.018
1279 -136.179
1280 -136.494
1281 -136.936
1282 -137.489
1283 -138.088
1284 -138.581
1285 -138.972
1286 -139.074
1287 -138.801
1288 -138.451
1289 -137.820
1290 -137.046
1291 -136.472
1292 -135.864
1293 -135.580
1294 -135.559
1295 -135.838
1296 -136.378
1297 -137.193
1298 -138.057
1299 -138.815
1300 -139.381
1301 -139.557
1302 -139.479
1303 -139.154
1304 -138.685
1305 -138.210
1306 -137.643
1307 -137.136
1308 -136.644
1309 -136.553
1310 -136.703
1311 -136.635
1312 -136.633
1313 -136.563
1314 -136.409
1315 -136.316
1316 -135.946
1317 -135.603
1318 -135.517
1319 -135.555
1320 -135.508
1321 -135.706
1322 -135.857
1323 -136.279
1324 -136.601
1325 -137.032
1326 -137.569
1327 -138.039
1328 -138.512
1329 -138.767
1330 -138.747
1331 -138.562
1332 -138.458
1333 -138.240
1334 -137.884
1335 -137.776
1336 -137.804
1337 -137.927
1338 -138.249
1339 -138.427
1340 -138.839
1341 -138.924
1342 -139.031
1343 -138.799
1344 -138.489
1345 -138.052
1346 -137.656
1347 -137.666
1348 -137.604
1349 -137.784
1350 -138.247
1351 -138.782
1352 -139.530
1353 -140.219
1354 -140.572
1355 -140.690
1356 -140.438
1357 -140.115
1358 -139.595
1359 -139.677
1360 -139.841
1361 -139.932
1362 -140.139
1363 -140.414
1364 -140.488
1365 -140.410
1366 -140.247
1367 -140.097
1368 -139.883
1369 -139.751
1370 -139.503
1371 -139.082
1372 -138.719
1373 -138.068
1374 -137.441
1375 -136.956
1376 -136.568
1377 -136.308
1378 -136.412
1379 -136.752
1380 -137.201
1381 -137.856
1382 -138.412
1383 -138.915
1384 -139.128
1385 -139.026
1386 -138.728
1387 -138.081
1388 -137.379
1389 -136.649
1390 -135.916
1391 -135.338
1392 -134.974
1393 -134.829
1394 -134.708
1395 -134.677
1396 -134.868
1397 -135.229
1398 -135.524
1399 -136.000
1400 -136.399
1401 -136.680
1402 -136.708
1403 -136.860
1404 -136.772
1405 -136.985
1406 -137.103
1407 -137.250
1408 -137.585
1409 -138.097
1410 -138.463
1411 -138.801
1412 -138.970
1413 -139.121
1414 -139.126
1415 -138.978
1416 -138.842
1417 -138.712
1418 -138.564
1419 -138.300
1420 -138.273
1421 -138.090
1422 -137.774
1423 -137.501
1424 -137.284
1425 -137.282
1426 -137.364
1427 -137.325
1428 -137.566
1429 -137.707
1430 -137.883
1431 -137.986
1432 -138.091
1433 -138.065
1434 -137.944
1435 -137.819
1436 -137.690
1437 -137.838
1438 -137.880
1439 -138.038
1440 -138.319
1441 -138.740
1442 -139.018
1443 -139.244
1444 -139.201
1445 -139.059
1446 -138.770
1447 -138.353
1448 -138.223
1449 -138.262
1450 -138.882
1451 -139.647
1452 -140.436
1453 -140.907
1454 -140.941
1455 -140.597
1456 -139.871
1457 -139.188
1458 -138.620
1459 -138.409
1460 -138.551
1461 -139.000
1462 -139.754
1463 -140.456
1464 -140.866
1465 -141.116
1466 -140.928
1467 -140.410
1468 -139.524
1469 -138.422
1470 -137.345
1471 -136.367
1472 -135.675
1473 -135.404
1474 -135.360
1475 -135.641
1476 -135.922
1477 -136.445
1478 -136.898
1479 -137.292
1480 -137.350
1481 -137.346
1482 -137.167
1483 -136.831
1484 -136.499
1485 -136.061
1486 -135.695
1487 -135.268
1488 -134.683
1489 -134.261
1490 -134.106
1491 -134.110
1492 -134.591
1493 -135.211
1494 -136.050
1495 -137.057
1496 -138.116
1497 -138.853
1498 -139.534
1499 -139.789
1500 -139.851
1501 -139.593
1502 -139.206
1503 -138.523
1504 -137.903
1505 -137.545
1506 -137.376
1507 -137.394
1508 -137.979
1509 -138.669
1510 -139.503
1511 -140.162
1512 -140.695
1513 -140.982
1514 -141.110
1515 -141.188
1516 -141.104
1517 -141.088
1518 -140.957
1519 -140.545
1520 -140.112
1521 -139.635
1522 -139.079
1523 -138.614
1524 -138.380
1525 -138.501
1526 -138.896
1527 -139.518
1528 -140.356
1529 -141.294
1530 -142.091
1531 -142.375
1532 -142.340
1533 -141.974
1534 -141.276
1535 -140.472
1536 -140.174
1537 -140.120
1538 -140.080
1539 -140.321
1540 -140.553
1541 -140.616
1542 -140.538
1543 -140.249
1544 -140.018
1545 -139.796
1546 -139.435
1547 -138.977
1548 -138.458
1549 -137.771
1550 -137.051
1551 -136.340
1552 -135.456
1553 -134.608
1554 -133.889
1555 -133.380
1556 -132.936
1557 -132.731
1558 -132.659
1559 -132.762
1560 -133.072
1561 -133.436
1562 -133.937
1563 -134.294
1564 -134.682
1565 -134.742
1566 -134.798
1567 -134.754
1568 -134.627
1569 -134.496
1570 -134.379
1571 -134.684
1572 -135.008
1573 -135.400
1574 -135.929
1575 -136.505
1576 -136.900
1577 -137.236
1578 -137.519
1579 -137.653
1580 -137.656
1581 -137.528
1582 -137.842
1583 -138.199
1584 -138.585
1585 -139.385
1586 -140.248
1587 -141.073
1588 -141.826
1589 -142.249
1590 -142.128
1591 -141.737
1592 -140.878
1593 -139.976
1594 -139.208
1595 -138.768
1596 -138.956
1597 -139.436
1598 -140.238
1599 -140.924
1600 -141.395
1601 -141.460
1602 -141.133
1603 -140.636
1604 -139.989
1605 -139.534
1606 -139.322
1607 -139.333
1608 -139.571
1609 -139.923
1610 -140.088
1611 -140.030
1612 -139.670
1613 -139.258
1614 -138.708
1615 -138.109
1616 -137.639
1617 -137.208
1618 -136.923
1619 -136.816
1620 -136.759
1621 -136.783
1622 -137.011
1623 -137.186
1624 -137.464
1625 -137.721
1626 -137.933
1627 -138.059
1628 -138.104
1629 -138.062
1630 -138.010
1631 -137.848
1632 -137.579
1633 -137.564
1634 -137.424
1635 -137.269
1636 -137.144
1637 -136.947
1638 -136.672
1639 -135.988
1640 -135.645
1641 -135.460
1642 -135.263
1643 -135.401
1644 -135.719
1645 -136.276
1646 -136.602
1647 -137.088
1648 -137.370
1649 -137.451
1650 -137.674
1651 -137.971
1652 -138.233
1653 -138.615
1654 -138.878
1655 -139.171
1656 -139.312
1657 -139.423
1658 -139.290
1659 -139.268
1660 -139.069
1661 -138.822
1662 -138.738
1663 -138.799
1664 -138.951
1665 -139.284
1666 -139.699
1667 -140.111
1668 -140.566
1669 -140.786
1670 -140.777
1671 -140.271
1672 -139.585
1673 -138.854
1674 -138.059
1675 -137.548
1676 -137.433
1677 -137.552
1678 -138.104
1679 -138.913
1680 -139.816
1681 -140.412
1682 -140.799
1683 -140.948
1684 -140.655
1685 -140.153
1686 -139.635
1687 -139.191
1688 -138.709
1689 -138.318
1690 -138.160
1691 -138.166
1692 -138.268
1693 -138.585
1694 -139.050
1695 -139.589
1696 -140.032
1697 -140.352
1698 -140.445
1699 -140.260
1700 -139.930
1701 -139.176
1702 -138.459
1703 -137.723
1704 -137.242
1705 -136.883
1706 -136.764
1707 -136.726
1708 -136.819
1709 -136.948
1710 -136.988
1711 -137.027
1712 -136.922
1713 -136.722
1714 -136.614
1715 -136.839
1716 -137.141
1717 -137.607
1718 -138.034
1719 -138.688
1720 -139.132
1721 -139.312
1722 -139.093
1723 -138.537
1724 -137.633
1725 -136.610
1726 -135.699
1727 -135.080
1728 -134.709
1729 -134.704
1730 -135.036
1731 -135.593
1732 -136.252
1733 -136.961
1734 -137.704
1735 -138.301
1736 -138.691
1737 -138.868
1738 -138.844
1739 -138.515
1740 -138.101
1741 -137.632
1742 -137.313
1743 -137.334
1744 -137.392
1745 -137.634
1746 -137.740
1747 -137.853
1748 -137.963
1749 -137.836
1750 -137.887
1751 -137.710
1752 -137.687
1753 -137.617
1754 -137.684
1755 -137.490
1756 -137.484
1757 -137.289
1758 -137.272
1759 -137.270
1760 -137.260
1761 -137.075
1762 -136.889
1763 -136.696
1764 -136.585
1765 -136.544
1766 -136.482
1767 -136.729
1768 -136.950
1769 -137.332
1770 -137.828
1771 -138.333
1772 -138.869
1773 -139.229
1774 -139.531
1775 -139.651
1776 -139.634
1777 -139.150
1778 -138.836
1779 -138.511
1780 -138.422
1781 -138.652
1782 -139.021
1783 -139.785
1784 -140.422
1785 -140.932
1786 -141.146
1787 -140.954
1788 -140.220
1789 -139.025
1790 -137.726
1791 -136.306
1792 -134.966
1793 -134.015
1794 -133.628
1795 -133.891
1796 -134.454
1797 -135.513
1798 -136.996
1799 -138.685
1800 -139.972
1801 -140.761
1802 -141.133
1803 -140.824
1804 -140.238
1805 -139.385
1806 -138.429
1807 -137.598
1808 -137.036
1809 -136.607
1810 -136.472
1811 -136.725
1812 -137.273
1813 -137.874
1814 -138.415
1815 -138.579
1816 -138.715
1817 -138.667
1818 -138.334
1819 -138.019
1820 -137.613
1821 -137.236
1822 -136.699
1823 -136.246
1824 -135.808
1825 -135.416
1826 -134.812
1827 -134.466
1828 -134.261
1829 -134.082
1830 -134.080
1831 -134.085
1832 -133.936
1833 -133.672
1834 -133.311
1835 -133.172
1836 -132.893
1837 -132.778
1838 -132.819
1839 -133.191
1840 -133.843
1841 -134.502
1842 -135.343
1843 -136.054
1844 -136.590
1845 -137.076
1846 -137.420
1847 -137.772
1848 -138.053
1849 -138.447
1850 -138.686
1851 -138.932
1852 -138.997
1853 -139.035
1854 -138.929
1855 -138.824
1856 -138.734
1857 -138.649
1858 -138.673
1859 -138.565
1860 -138.635
1861 -138.967
1862 -139.304
1863 -139.822
1864 -140.413
1865 -141.219
1866 -141.913
1867 -142.809
1868 -143.705
1869 -144.370
1870 -144.709
1871 -144.643
1872 -144.078
1873 -143.193
1874 -142.120
1875 -141.114
1876 -140.120
1877 -139.550
1878 -139.277
1879 -139.072
1880 -139.375
1881 -139.868
1882 -140.232
1883 -140.804
1884 -141.140
1885 -141.297
1886 -141.091
1887 -140.629
1888 -140.013
1889 -139.335
1890 -138.697
1891 -138.084
1892 -137.718
1893 -137.224
1894 -136.833
1895 -136.486
1896 -136.355
1897 -136.157
1898 -136.080
1899 -136.159
1900 -136.249
1901 -136.487
1902 -136.675
1903 -136.732
1904 -136.777
1905 -136.750
1906 -136.643
1907 -136.605
1908 -136.521
1909 -136.532
1910 -136.380
1911 -136.175
1912 -136.029
1913 -136.064
1914 -136.009
1915 -135.899
1916 -136.056
1917 -136.548
1918 -137.059
1919 -137.687
1920 -138.360
1921 -139.142
1922 -139.994
1923 -140.416
1924 -140.635
1925 -140.585
1926 -140.012
1927 -139.320
1928 -138.447
1929 -138.038
1930 -137.653
1931 -137.646
1932 -137.921
1933 -138.279
1934 -138.765
1935 -139.261
1936 -139.849
1937 -140.346
1938 -140.710
1939 -140.975
1940 -140.909
1941 -140.591
1942 -139.945
1943 -139.065
1944 -138.123
1945 -137.253
1946 -136.725
1947 -136.193
1948 -136.240
1949 -136.685
1950 -137.177
1951 -137.634
1952 -138.064
1953 -138.261
1954 -138.431
1955 -138.485
1956 -138.617
1957 -138.664
1958 -138.570
1959 -138.473
1960 -138.272
1961 -138.168
1962 -137.802
1963 -137.384
1964 -136.921
1965 -136.584
1966 -136.155
1967 -135.905
1968 -135.610
1969 -135.445
1970 -135.583
1971 -135.907
1972 -136.427
1973 -137.031
1974 -137.473
1975 -137.849
1976 -137.938
1977 -137.655
1978 -137.200
1979 -136.512
1980 -135.878
1981 -135.452
1982 -135.195
1983 -134.936
1984 -135.036
1985 -135.667
1986 -136.385
1987 -137.210
1988 -137.938
1989 -138.527
1990 -138.752
1991 -138.710
1992 -138.249
1993 -137.691
1994 -137.186
1995 -136.797
1996 -136.761
1997 -136.985
1998 -137.550
1999 -138.333
2000 -139.110
2001 -139.929
2002 -140.707
2003 -141.251
2004 -141.572
2005 -141.628
2006 -141.741
2007 -141.727
2008 -141.686
2009 -141.759
2010 -141.957
2011 -142.087
2012 -142.127
2013 -141.895
2014 -141.501
2015 -140.692
2016 -139.707
2017 -138.620
2018 -137.509
2019 -136.665
2020 -135.948
2021 -135.702
2022 -135.675
2023 -135.929
2024 -136.280
2025 -136.543
2026 -136.813
2027 -136.825
2028 -136.691
2029 -136.478
2030 -136.116
2031 -135.632
2032 -135.065
2033 -134.508
2034 -134.010
2035 -133.433
2036 -132.891
2037 -132.567
2038 -132.320
2039 -132.320
2040 -132.344
2041 -132.734
2042 -133.504
2043 -134.522
2044 -135.849
2045 -137.170
2046 -138.347
2047 -139.089
2048 -139.481
2049 -139.319
2050 -138.915
2051 -138.439
2052 -138.042
2053 -137.775
2054 -137.685
2055 -137.692
2056 -137.888
2057 -138.231
2058 -138.339
2059 -138.568
2060 -138.947
2061 -139.505
2062 -139.952
2063 -140.465
2064 -140.719
2065 -140.794
2066 -140.540
2067 -140.230
2068 -139.674
2069 -139.017
2070 -138.578
2071 -138.292
2072 -138.196
2073 -138.412
2074 -138.707
2075 -139.154
2076 -139.815
2077 -140.508
2078 -141.071
2079 -141.251
2080 -141.458
2081 -141.181
2082 -140.612
2083 -139.766
2084 -138.869
2085 -138.165
2086 -137.643
2087 -137.374
2088 -137.486
2089 -137.937
2090 -138.622
2091 -139.448
2092 -139.916
2093 -140.191
2094 -140.206
2095 -139.952
2096 -139.380
2097 -138.952
2098 -138.480
2099 -138.068
2100 -138.019
2101 -137.899
2102 -137.938
2103 -137.755
2104 -137.505
2105 -137.158
2106 -136.762
2107 -136.250
2108 -135.828
2109 -135.611
2110 -135.370
2111 -135.358
2112 -135.551
2113 -135.622
2114 -135.733
2115 -135.825
2116 -135.813
2117 -136.023
2118 -136.247
2119 -136.513
2120 -136.911
2121 -137.490
2122 -138.071
2123 -138.929
2124 -139.667
2125 -140.172
2126 -140.384
2127 -140.461
2128 -140.068
2129 -139.765
2130 -139.302
2131 -138.811
2132 -138.417
2133 -138.182
2134 -138.044
2135 -138.081
2136 -138.140
2137 -138.359
2138 -138.666
2139 -139.102
2140 -139.603
2141 -140.045
2142 -140.383
2143 -140.736
2144 -140.987
2145 -141.071
2146 -140.858
2147 -140.464
2148 -139.631
2149 -138.619
2150 -137.574
2151 -136.268
2152 -135.104
2153 -134.272
2154 -133.596
2155 -133.219
2156 -133.150
2157 -133.294
2158 -133.648
2159 -134.227
2160 -134.836
2161 -135.557
2162 -136.409
2163 -137.002
2164 -137.477
2165 -137.763
2166 -137.749
2167 -137.732
2168 -137.604
2169 -137.507
2170 -137.733
2171 -137.772
2172 -138.053
2173 -138.383
2174 -138.985
2175 -139.297
2176 -139.612
2177 -139.668
2178 -139.559
2179 -139.341
2180 -139.047
2181 -138.594
2182 -138.323
2183 -138.065
2184 -138.115
2185 -138.168
2186 -138.405
2187 -138.807
2188 -139.330
2189 -139.853
2190 -140.186
2191 -140.386
2192 -140.498
2193 -140.403
2194 -140.367
2195 -140.333
2196 -140.027
2197 -139.768
2198 -139.497
2199 -139.186
2200 -138.671
2201 -138.242
2202 -137.941
2203 -137.702
2204 -137.604
2205 -137.600
2206 -137.662
2207 -137.867
2208 -137.929
2209 -137.953
2210 -138.091
2211 -138.188
2212 -138.057
2213 -138.093
2214 -138.139
2215 -138.265
2216 -138.249
2217 -138.396
2218 -138.493
2219 -138.538
2220 -138.484
2221 -138.470
2222 -138.498
2223 -138.572
2224 -138.626
2225 -138.856
2226 -139.125
2227 -139.295
2228 -139.198
2229 -138.974
2230 -138.608
2231 -138.005
2232 -137.267
2233 -136.436
2234 -135.938
2235 -135.355
2236 -135.094
2237 -135.083
2238 -135.294
2239 -135.520
2240 -135.767
2241 -135.998
2242 -135.906
2243 -135.943
2244 -135.753
2245 -135.611
2246 -135.651
2247 -135.783
2248 -136.155
2249 -136.657
2250 -137.420
2251 -138.040
2252 -138.593
2253 -138.835
2254 -138.853
2255 -138.691
2256 -138.519
2257 -138.420
2258 -138.314
2259 -138.499
2260 -138.712
2261 -139.121
2262 -139.500
2263 -139.820
2264 -140.001
2265 -139.773
2266 -139.388
2267 -138.794
2268 -137.978
2269 -136.806
2270 -136.015
2271 -135.508
2272 -135.246
2273 -135.288
2274 -135.541
2275 -135.991
2276 -136.458
2277 -137.082
2278 -137.697
2279 -138.234
2280 -138.579
2281 -138.674
2282 -138.681
2283 -138.732
2284 -138.673
2285 -138.481
2286 -138.273
2287 -138.140
2288 -138.095
2289 -138.012
2290 -137.988
2291 -138.061
2292 -138.129
2293 -138.315
2294 -138.528
2295 -138.962
2296 -139.422
2297 -139.791
2298 -140.042
2299 -140.297
2300 -140.198
2301 -140.043
2302 -139.739
2303 -139.441
2304 -139.227
2305 -139.257
2306 -139.319
2307 -139.516
2308 -139.570
2309 -139.557
2310 -139.336
2311 -138.942
2312 -138.581
2313 -138.407
2314 -138.350
2315 -138.315
2316 -138.524
2317 -138.870
2318 -139.225
2319 -139.661
2320 -140.029
2321 -140.239
2322 -140.448
2323 -140.587
2324 -140.717
2325 -140.694
2326 -140.598
2327 -140.511
2328 -140.397
2329 -140.207
2330 -139.935
2331 -139.651
2332 -139.118
2333 -138.553
2334 -138.108
2335 -137.748
2336 -137.568
2337 -137.528
2338 -137.443
2339 -137.616
2340 -137.959
2341 -138.195
2342 -138.258
2343 -138.195
2344 -138.165
2345 -137.803
2346 -137.649
2347 -137.223
2348 -136.727
2349 -136.275
2350 -135.674
2351 -135.224
2352 -134.763
2353 -134.569
2354 -134.365
2355 -134.552
2356 -134.968
2357 -135.212
2358 -135.584
2359 -135.776
2360 -135.728
2361 -135.509
2362 -135.169
2363 -134.924
2364 -134.830
2365 -135.084
2366 -135.650
2367 -136.230
2368 -136.997
2369 -137.635
2370 -138.123
2371 -138.320
2372 -138.416
2373 -138.269
2374 -138.108
2375 -137.981
2376 -137.823
2377 -137.755
2378 -137.843
2379 -138.126
2380 -138.340
2381 -138.483
2382 -138.855
2383 -138.820
2384 -138.763
2385 -138.731
2386 -138.468
2387 -138.297
2388 -138.122
2389 -138.103
2390 -138.351
2391 -138.602
2392 -138.748
2393 -139.209
2394 -139.587
2395 -139.850
2396 -140.017
2397 -139.916
2398 -139.738
2399 -139.518
2400 -139.174
2401 -138.718
2402 -138.395
2403 -138.275
2404 -138.243
2405 -138.177
2406 -138.256
2407 -138.382
2408 -138.421
2409 -138.376
2410 -138.284
2411 -137.986
2412 -137.606
2413 -137.383
2414 -137.220
2415 -137.279
2416 -137.611
2417 -138.224
2418 -138.879
2419 -139.524
2420 -139.945
2421 -140.093
2422 -140.057
2423 -139.717
2424 -139.391
2425 -138.764
2426 -138.044
2427 -137.423
2428 -136.915
2429 -136.372
2430 -135.954
2431 -135.746
2432 -135.744
2433 -135.743
2434 -135.876
2435 -136.130
2436 -136.419
2437 -136.714
2438 -137.038
2439 -137.294
2440 -137.383
2441 -137.619
2442 -137.830
2443 -137.900
2444 -137.983
2445 -138.063
2446 -137.976
2447 -137.870
2448 -137.759
2449 -137.456
2450 -137.278
2451 -137.100
2452 -136.676
2453 -136.265
2454 -135.868
2455 -135.454
2456 -135.014
2457 -134.649
2458 -134.294
2459 -134.024
2460 -133.933
2461 -133.773
2462 -133.880
2463 -133.976
2464 -134.157
2465 -134.418
2466 -134.783
2467 -135.209
2468 -135.755
2469 -136.290
2470 -136.788
2471 -137.512
2472 -138.286
2473 -139.009
2474 -139.682
2475 -140.008
2476 -140.182
2477 -140.295
2478 -140.067
2479 -139.778
2480 -139.697
2481 -139.588
2482 -140.028
2483 -140.524
2484 -140.951
2485 -141.759
2486 -142.423
2487 -142.771
2488 -142.787
2489 -142.667
2490 -142.295
2491 -141.781
2492 -141.070
2493 -140.441
2494 -139.785
2495 -139.058
2496 -138.656
2497 -138.363
2498 -138.178
2499 -138.431
2500 -138.798
2501 -139.393
2502 -139.897
2503 -140.253
2504 -140.489
2505 -140.518
2506 -140.114
2507 -139.573
2508 -138.634
2509 -137.997
2510 -137.434
2511 -136.938
2512 -137.116
2513 -137.714
2514 -138.403
2515 -139.234
2516 -139.833
2517 -140.243
2518 -140.239
2519 -139.771
2520 -139.078
2521 -138.212
2522 -137.174
2523 -136.707
2524 -136.387
2525 -136.439
2526 -137.007
2527 -137.998
2528 -139.093
2529 -139.982
2530 -140.822
2531 -141.317
2532 -141.479
2533 -141.062
2534 -140.293
2535 -139.244
2536 -138.045
2537 -136.825
2538 -135.934
2539 -135.187
2540 -135.031
2541 -135.327
2542 -135.816
2543 -136.603
2544 -137.377
2545 -138.009
2546 -138.481
2547 -138.775
2548 -138.854
2549 -138.769
2550 -138.364
2551 -137.689
2552 -137.071
2553 -136.518
2554 -135.961
2555 -135.658
2556 -135.545
2557 -135.534
2558 -135.754
2559 -135.976
2560 -136.339
2561 -136.591
2562 -136.806
2563 -136.788
2564 -136.646
2565 -136.573
2566 -136.245
2567 -135.881
2568 -135.728
2569 -135.885
2570 -136.186
2571 -136.708
2572 -137.569
2573 -138.474
2574 -139.107
2575 -139.408
2576 -139.372
2577 -139.089
2578 -138.602
2579 -138.114
2580 -137.648
2581 -137.290
2582 -137.357
2583 -137.506
2584 -138.054
2585 -138.866
2586 -139.643
2587 -140.371
2588 -141.121
2589 -141.505
2590 -141.543
2591 -141.301
2592 -140.700
2593 -140.187
2594 -139.446
2595 -138.808
2596 -138.389
2597 -137.947
2598 -137.671
2599 -137.471
2600 -137.535
2601 -137.748
2602 -138.216
2603 -138.668
2604 -139.401
2605 -140.081
2606 -140.901
2607 -141.390
2608 -141.987
2609 -142.160
2610 -141.807
2611 -141.361
2612 -140.807
2613 -140.240
2614 -139.646
2615 -139.439
2616 -139.560
2617 -139.893
2618 -140.542
2619 -141.165
2620 -141.774
2621 -142.123
2622 -142.255
2623 -142.192
2624 -142.056
2625 -142.025
2626 -142.116
2627 -142.280
2628 -142.380
2629 -142.213
2630 -141.908
2631 -141.315
2632 -140.643
2633 -139.989
2634 -139.603
2635 -139.237
2636 -139.091
2637 -139.130
2638 -139.038
2639 -138.842
2640 -138.511
2641 -137.875
2642 -136.944
2643 -136.192
2644 -135.464
2645 -134.661
2646 -134.045
2647 -133.586
2648 -133.440
2649 -133.218
2650 -133.107
2651 -133.218
2652 -133.424
2653 -133.840
2654 -134.218
2655 -134.599
2656 -134.956
2657 -135.510
2658 -135.937
2659 -136.293
2660 -136.681
2661 -136.985
2662 -137.238
2663 -137.305
2664 -137.269
2665 -137.258
2666 -137.168
2667 -137.003
2668 -136.720
2669 -136.449
2670 -136.380
2671 -136.549
2672 -136.811
2673 -137.134
2674 -137.839
2675 -138.729
2676 -139.663
2677 -140.786
2678 -141.776
2679 -142.764
2680 -143.365
2681 -143.889
2682 -144.359
2683 -144.530
2684 -144.685
2685 -144.771
2686 -144.851
2687 -144.864
2688 -144.792
2689 -144.566
2690 -144.258
2691 -143.939
2692 -143.464
2693 -143.350
2694 -143.168
2695 -142.982
2696 -143.065
2697 -143.147
2698 -143.143
2699 -143.017
2700 -142.864
2701 -142.508
2702 -142.069
2703 -141.489
2704 -140.910
2705 -140.432
2706 -140.107
2707 -139.967
2708 -139.982
2709 -139.974
2710 -140.169
2711 -139.992
2712 -139.480
2713 -138.715
2714 -137.749
2715 -136.708
2716 -135.619
2717 -134.681
2718 -134.129
2719 -133.870
2720 -134.021
2721 -134.320
2722 -134.750
2723 -135.069
2724 -135.177
2725 -135.074
2726 -134.683
2727 -134.186
2728 -133.548
2729 -132.975
2730 -132.709
2731 -132.515
2732 -132.462
2733 -132.693
2734 -133.285
2735 -134.006
2736 -134.672
2737 -135.163
2738 -135.529
2739 -135.738
2740 -135.847
2741 -135.858
2742 -135.876
2743 -136.037
2744 -136.377
2745 -136.724
2746 -136.983
2747 -137.335
2748 -137.488
2749 -137.603
2750 -137.746
2751 -138.039
2752 -138.546
2753 -139.354
2754 -140.251
2755 -141.059
2756 -141.818
2757 -142.500
2758 -142.672
2759 -142.628
2760 -142.053
2761 -141.451
2762 -141.039
2763 -140.608
2764 -140.500
2765 -140.587
2766 -140.764
2767 -140.925
2768 -141.168
2769 -141.490
2770 -141.482
2771 -141.287
2772 -140.800
2773 -139.905
2774 -139.052
2775 -138.097
2776 -137.381
2777 -136.569
2778 -136.442
2779 -136.570
2780 -136.699
2781 -136.868
2782 -137.062
2783 -137.251
2784 -137.312
2785 -137.340
2786 -137.144
2787 -137.096
2788 -136.874
2789 -136.485
2790 -136.366
2791 -136.372
2792 -136.523
2793 -136.654
2794 -136.990
2795 -137.544
2796 -137.915
2797 -138.203
2798 -138.366
2799 -138.391
2800 -138.248
2801 -138.086
2802 -138.015
2803 -137.916
2804 -137.896
2805 -137.791
2806 -137.582
2807 -137.459
2808 -137.208
2809 -137.108
2810 -137.082
2811 -136.961
2812 -137.046
2813 -137.170
2814 -137.257
2815 -137.318
2816 -137.348
2817 -137.413
2818 -137.381
2819 -137.313
2820 -137.237
2821 -137.130
2822 -137.194
2823 -137.378
2824 -137.721
2825 -137.954
2826 -138.171
2827 -138.457
2828 -138.548
2829 -138.716
2830 -138.803
2831 -138.829
2832 -138.861
2833 -138.932
2834 -139.064
2835 -139.031
2836 -139.114
2837 -139.256
2838 -139.331
2839 -139.350
2840 -139.039
2841 -138.639
2842 -138.118
2843 -137.453
2844 -136.703
2845 -136.158
2846 -135.847
2847 -135.659
2848 -136.085
2849 -136.767
2850 -137.657
2851 -138.866
2852 -140.003
2853 -140.655
2854 -140.862
2855 -140.533
2856 -139.816
2857 -138.868
2858 -138.031
2859 -137.696
2860 -137.580
2861 -137.601
2862 -137.972
2863 -138.473
2864 -139.034
2865 -139.476
2866 -139.984
2867 -140.187
2868 -140.261
2869 -140.131
2870 -139.701
2871 -139.227
2872 -138.841
2873 -138.573
2874 -138.294
2875 -138.317
2876 -138.612
2877 -138.877
2878 -139.348
2879 -139.650
2880 -139.877
2881 -139.929
2882 -139.828
2883 -139.715
2884 -139.419
2885 -139.324
2886 -139.485
2887 -139.540
2888 -139.616
2889 -139.763
2890 -139.963
2891 -140.059
2892 -140.121
2893 -139.974
2894 -139.643
2895 -139.274
2896 -138.901
2897 -138.451
2898 -138.119
2899 -137.909
2900 -137.622
2901 -137.452
2902 -137.380
2903 -137.416
2904 -137.472
2905 -137.663
2906 -137.970
2907 -138.367
2908 -138.637
2909 -138.960
2910 -139.056
2911 -139.010
2912 -138.979
2913 -138.996
2914 -139.086
2915 -139.202
2916 -139.187
2917 -139.069
2918 -138.886
2919 -138.526
2920 -137.907
2921 -137.556
2922 -137.286
2923 -136.941
2924 -136.867
2925 -137.209
2926 -137.759
2927 -138.425
2928 -138.937
2929 -139.454
2930 -139.743
2931 -139.744
2932 -139.512
2933 -139.053
2934 -138.689
2935 -138.152
2936 -137.834
2937 -137.432
2938 -137.304
2939 -137.170
2940 -136.734
2941 -136.554
2942 -136.110
2943 -135.935
2944 -135.692
2945 -136.109
2946 -136.541
2947 -137.190
2948 -138.069
2949 -138.904
2950 -139.604
2951 -139.986
2952 -140.031
2953 -139.803
2954 -139.164
2955 -138.227
2956 -137.335
2957 -136.529
2958 -135.800
2959 -135.527
2960 -135.677
2961 -136.332
2962 -137.120
2963 -138.485
2964 -139.664
2965 -140.870
2966 -141.480
2967 -141.714
2968 -141.353
2969 -140.544
2970 -139.497
2971 -138.331
2972 -137.463
2973 -137.128
2974 -137.158
2975 -137.434
2976 -138.249
2977 -139.165
2978 -140.140
2979 -141.028
2980 -141.721
2981 -142.135
2982 -142.216
2983 -141.963
2984 -141.500
2985 -140.859
2986 -140.099
2987 -139.439
2988 -139.027
2989 -138.967
2990 -138.998
2991 -139.378
2992 -139.821
2993 -140.155
2994 -140.430
2995 -140.697
2996 -140.761
2997 -140.781
2998 -140.524
2999 -140.136
3000 -139.911
3001 -139.637
3002 -139.486
3003 -139.480
3004 -139.550
3005 -139.692
3006 -139.946
3007 -140.181
3008 -140.521
3009 -140.782
3010 -141.244
3011 -141.621
3012 -142.041
3013 -142.308
3014 -142.400
3015 -142.145
3016 -141.718
3017 -141.138
3018 -140.368
3019 -139.621
3020 -139.124
3021 -138.656
3022 -138.234
3023 -137.642
3024 -136.989
3025 -136.307
3026 -135.539
3027 -134.771
3028 -134.123
3029 -133.532
3030 -133.166
3031 -132.952
3032 -133.016
3033 -133.377
3034 -133.847
3035 -134.598
3036 -135.218
3037 -135.768
3038 -136.184
3039 -136.466
3040 -136.580
3041 -136.728
3042 -136.579
3043 -136.494
3044 -136.634
3045 -136.607
3046 -136.530
3047 -136.797
3048 -137.086
3049 -137.609
3050 -138.318
3051 -138.857
3052 -139.582
3053 -140.371
3054 -141.025
3055 -141.588
3056 -141.716
3057 -141.478
3058 -141.034
3059 -140.408
3060 -139.658
3061 -138.955
3062 -138.589
3063 -138.247
3064 -138.259
3065 -138.441
3066 -138.710
3067 -139.183
3068 -139.520
3069 -139.937
3070 -140.279
3071 -140.242
3072 -139.881
3073 -139.399
3074 -138.792
3075 -138.189
3076 -137.615
3077 -137.321
3078 -137.167
3079 -137.133
3080 -137.356
3081 -137.593
3082 -137.759
3083 -137.895
3084 -138.183
3085 -138.280
3086 -138.320
3087 -138.282
3088 -138.356
3089 -138.392
3090 -138.400
3091 -138.559
3092 -138.891
3093 -139.164
3094 -139.391
3095 -139.424
3096 -139.301
3097 -139.130
3098 -138.788
3099 -138.587
3100 -138.554
3101 -138.472
3102 -138.521
3103 -138.768
3104 -138.958
3105 -139.009
3106 -138.966
3107 -138.744
3108 -138.300
3109 -137.766
3110 -137.339
3111 -137.153
3112 -137.076
3113 -137.207
3114 -137.588
3115 -137.772
3116 -137.947
3117 -138.023
3118 -137.984
3119 -137.820
3120 -137.758
3121 -137.892
3122 -137.894
3123 -138.143
3124 -138.344
3125 -138.641
3126 -138.680
3127 -138.595
3128 -138.174
3129 -137.782
3130 -137.127
3131 -136.334
3132 -135.636
3133 -134.972
3134 -134.352
3135 -134.041
3136 -134.024
3137 -134.093
3138 -134.373
3139 -134.854
3140 -135.350
3141 -135.950
3142 -136.544
3143 -137.158
3144 -137.782
3145 -138.350
3146 -138.757
3147 -138.816
3148 -138.510
3149 -137.906
3150 -137.428
3151 -137.057
3152 -137.020
3153 -137.331
3154 -137.652
3155 -138.003
3156 -138.138
3157 -138.077
3158 -137.736
3159 -137.428
3160 -137.102
3161 -137.059
3162 -137.188
3163 -137.620
3164 -138.317
3165 -139.227
3166 -140.184
3167 -140.785
3168 -141.218
3169 -141.414
3170 -141.096
3171 -140.409
3172 -139.620
3173 -138.702
3174 -137.930
3175 -137.329
3176 -137.145
3177 -137.229
3178 -137.786
3179 -138.322
3180 -139.037
3181 -139.972
3182 -140.608
3183 -140.930
3184 -141.055
3185 -140.824
3186 -140.569
3187 -140.320
3188 -140.187
3189 -140.197
3190 -140.282
3191 -140.420
3192 -140.556
3193 -140.615
3194 -140.683
3195 -140.660
3196 -140.539
3197 -140.401
3198 -139.952
3199 -139.442
3200 -138.850
3201 -138.034
3202 -137.158
3203 -136.512
3204 -135.843
3205 -135.378
3206 -135.254
3207 -135.174
3208 -135.049
3209 -135.403
3210 -135.595
3211 -135.829
3212 -136.020
3213 -136.069
3214 -136.045
3215 -135.952
3216 -135.825
3217 -135.743
3218 -135.630
3219 -135.602
3220 -135.563
3221 -135.559
3222 -135.625
3223 -135.756
3224 -135.922
3225 -136.204
3226 -136.689
3227 -137.107
3228 -137.668
3229 -138.316
3230 -139.097
3231 -139.865
3232 -140.565
3233 -141.028
3234 -141.535
3235 -141.902
3236 -142.216
3237 -142.554
3238 -142.712
3239 -143.178
3240 -143.448
3241 -143.593
3242 -143.808
3243 -143.979
3244 -144.134
3245 -144.222
3246 -144.302
3247 -144.396
3248 -144.297
3249 -144.147
3250 -143.845
3251 -143.276
3252 -142.927
3253 -142.393
3254 -141.946
3255 -141.566
3256 -141.256
3257 -140.933
3258 -140.736
3259 -140.567
3260 -140.223
3261 -139.761
3262 -139.133
3263 -138.201
3264 -137.377
3265 -136.661
3266 -136.261
3267 -136.438
3268 -136.812
3269 -137.291
3270 -137.697
3271 -138.178
3272 -138.437
3273 -138.459
3274 -138.301
3275 -137.905
3276 -137.319
3277 -136.990
3278 -136.672
3279 -136.200
3280 -136.113
3281 -136.291
3282 -136.377
3283 -136.273
3284 -136.166
3285 -135.980
3286 -135.684
3287 -135.362
3288 -134.984
3289 -134.712
3290 -134.582
3291 -134.425
3292 -134.359
3293 -134.493
3294 -134.737
3295 -135.348
3296 -136.134
3297 -137.235
3298 -138.323
3299 -139.341
3300 -139.973
3301 -140.457
3302 -140.599
3303 -140.452
3304 -140.139
3305 -139.808
3306 -139.378
3307 -138.957
3308 -138.691
3309 -138.523
3310 -138.774
3311 -139.331
3312 -140.213
3313 -141.371
3314 -142.713
3315 -143.738
3316 -144.277
3317 -144.358
3318 -143.969
3319 -143.209
3320 -142.469
3321 -141.784
3322 -141.234
3323 -141.138
3324 -141.155
3325 -140.998
3326 -140.981
3327 -140.487
3328 -139.795
3329 -138.944
3330 -137.893
3331 -137.408
3332 -137.060
3333 -136.772
3334 -137.112
3335 -137.758
3336 -138.471
3337 -139.059
3338 -139.616
3339 -139.983
3340 -139.958
3341 -139.459
3342 -138.735
3343 -137.682
3344 -136.393
3345 -135.167
3346 -134.225
3347 -133.475
3348 -133.568
3349 -134.180
3350 -135.197
3351 -136.735
3352 -138.486
3353 -140.077
3354 -141.438
3355 -142.256
3356 -142.581
3357 -142.381
3358 -141.788
3359 -141.107
3360 -140.565
3361 -140.176
3362 -139.975
3363 -140.283
3364 -140.404
3365 -140.227
3366 -140.171
3367 -140.000
3368 -139.650
3369 -139.656
3370 -139.943
3371 -140.571
3372 -141.104
3373 -141.568
3374 -141.691
3375 -141.185
3376 -140.357
3377 -139.300
3378 -138.643
3379 -138.210
3380 -137.931
3381 -138.040
3382 -138.141
3383 -138.216
3384 -138.276
3385 -138.459
3386 -138.657
3387 -138.755
3388 -138.969
3389 -139.006
3390 -139.038
3391 -139.140
3392 -139.101
3393 -138.892
3394 -138.659
3395 -138.473
3396 -138.323
3397 -138.242
3398 -138.338
3399 -138.472
3400 -138.601
3401 -138.729
3402 -138.745
3403 -138.689
3404 -138.442
3405 -137.975
3406 -137.459
3407 -136.927
3408 -136.617
3409 -136.221
3410 -135.911
3411 -135.696
3412 -135.728
3413 -135.890
3414 -136.320
3415 -137.121
3416 -137.934
3417 -138.606
3418 -139.266
3419 -139.539
3420 -139.535
3421 -139.099
3422 -138.340
3423 -137.413
3424 -136.695
3425 -136.350
3426 -136.254
3427 -136.343
3428 -136.833
3429 -137.568
3430 -138.256
3431 -138.856
3432 -139.347
3433 -139.655
3434 -139.685
3435 -139.515
3436 -138.998
3437 -138.608
3438 -138.156
3439 -137.806
3440 -137.559
3441 -137.541
3442 -137.542
3443 -137.854
3444 -138.223
3445 -138.446
3446 -138.607
3447 -138.732
3448 -138.622
3449 -138.377
3450 -138.298
3451 -138.156
3452 -138.150
3453 -138.291
3454 -138.710
3455 -138.971
3456 -139.327
3457 -139.563
3458 -139.555
3459 -139.356
3460 -138.869
3461 -138.439
3462 -137.889
3463 -137.393
3464 -137.184
3465 -137.196
3466 -137.428
3467 -137.699
3468 -138.138
3469 -138.436
3470 -138.641
3471 -138.623
3472 -138.558
3473 -138.729
3474 -138.663
3475 -138.968
3476 -139.357
3477 -139.608
3478 -140.038
3479 -140.203
3480 -139.910
3481 -139.250
3482 -138.242
3483 -137.280
3484 -136.439
3485 -135.955
3486 -135.998
3487 -136.367
3488 -137.091
3489 -137.971
3490 -138.676
3491 -139.215
3492 -139.309
3493 -139.129
3494 -138.691
3495 -138.292
3496 -137.893
3497 -137.796
3498 -137.754
3499 -137.909
3500 -137.959
3501 -138.042
3502 -138.066
3503 -138.233
3504 -138.169
3505 -138.003
3506 -137.742
3507 -137.589
3508 -137.498
3509 -137.435
3510 -137.510
3511 -137.660
3512 -137.825
3513 -137.994
3514 -137.997
3515 -137.948
3516 -137.975
3517 -137.865
3518 -137.735
3519 -137.601
3520 -137.300
3521 -136.894
3522 -136.505
3523 -136.269
3524 -136.141
3525 -136.357
3526 -136.828
3527 -137.707
3528 -138.769
3529 -139.849
3530 -140.686
3531 -140.987
3532 -140.954
3533 -140.233
3534 -139.227
3535 -138.093
3536 -136.941
3537 -136.108
3538 -135.794
3539 -136.214
3540 -137.148
3541 -138.514
3542 -140.103
3543 -141.545
3544 -142.615
3545 -143.013
3546 -142.745
3547 -142.150
3548 -141.258
3549 -140.934
3550 -140.651
3551 -140.789
3552 -141.428
3553 -141.659
3554 -141.311
3555 -141.205
3556 -140.754
3557 -140.460
3558 -140.114
3559 -140.144
3560 -140.337
3561 -140.342
3562 -140.566
3563 -140.469
3564 -139.981
3565 -139.253
3566 -138.165
3567 -137.377
3568 -136.664
3569 -135.841
3570 -135.195
3571 -134.997
3572 -134.892
3573 -135.116
3574 -135.152
3575 -135.301
3576 -135.403
3577 -135.517
3578 -135.531
3579 -135.416
3580 -135.515
3581 -135.472
3582 -135.446
3583 -135.446
3584 -135.443
3585 -135.467
3586 -135.377
3587 -135.552
3588 -135.769
3589 -135.945
3590 -136.053
3591 -136.139
3592 -135.996
3593 -135.737
3594 -135.568
3595 -135.285
3596 -135.277
3597 -135.383
3598 -135.615
3599 -136.030
3600 -136.853
3601 -137.687
3602 -138.463
3603 -139.184
3604 -139.793
3605 -140.230
3606 -140.545
3607 -140.599
3608 -140.548
3609 -140.288
3610 -139.958
3611 -139.708
3612 -139.547
3613 -139.764
3614 -140.373
3615 -141.345
3616 -142.480
3617 -143.628
3618 -144.595
3619 -145.324
3620 -145.412
3621 -145.148
3622 -144.605
3623 -143.978
3624 -143.349
3625 -142.871
3626 -142.358
3627 -141.780
3628 -141.404
3629 -140.928
3630 -140.461
3631 -139.918
3632 -139.391
3633 -139.015
3634 -138.568
3635 -138.407
3636 -138.364
3637 -138.485
3638 -138.551
3639 -138.305
3640 -138.183
3641 -137.821
3642 -137.531
3643 -137.240
3644 -136.954
3645 -136.633
3646 -136.698
3647 -136.773
3648 -137.060
3649 -137.203
3650 -137.574
3651 -137.851
3652 -137.933
3653 -137.893
3654 -137.654
3655 -137.292
3656 -136.984
3657 -136.672
3658 -136.297
3659 -136.042
3660 -135.718
3661 -135.663
3662 -135.875
3663 -136.367
3664 -136.950
3665 -137.702
3666 -138.452
3667 -139.087
3668 -139.456
3669 -139.537
3670 -139.337
3671 -138.894
3672 -138.493
3673 -138.061
3674 -137.910
3675 -137.899
3676 -137.860
3677 -138.215
3678 -138.495
3679 -138.792
3680 -139.249
3681 -139.700
3682 -140.017
3683 -140.369
3684 -140.685
3685 -140.873
3686 -141.135
3687 -141.366
3688 -141.459
3689 -141.672
3690 -141.999
3691 -142.314
3692 -142.545
3693 -142.331
3694 -141.808
3695 -140.885
3696 -139.865
3697 -138.849
3698 -138.260
3699 -137.916
3700 -138.027
3701 -138.527
3702 -138.913
3703 -139.211
3704 -139.420
3705 -139.261
3706 -139.014
3707 -138.636
3708 -138.198
3709 -137.841
3710 -137.670
3711 -137.571
3712 -137.517
3713 -137.363
3714 -137.103
3715 -136.644
3716 -136.277
3717 -135.972
3718 -135.562
3719 -135.404
3720 -135.519
3721 -135.797
3722 -136.024
3723 -136.241
3724 -136.221
3725 -135.907
3726 -135.750
3727 -135.701
3728 -135.877
3729 -136.185
3730 -136.553
3731 -136.740
3732 -136.734
3733 -136.546
3734 -136.230
3735 -135.948
3736 -135.724
3737 -135.885
3738 -136.299
3739 -137.019
3740 -137.717
3741 -138.109
3742 -138.269
3743 -138.144
3744 -137.803
3745 -137.349
3746 -136.834
3747 -136.315
3748 -136.117
3749 -136.127
3750 -136.408
3751 -136.923
3752 -137.615
3753 -138.237
3754 -138.793
3755 -139.105
3756 -139.268
3757 -139.078
3758 -138.661
3759 -138.330
3760 -137.806
3761 -137.604
3762 -137.550
3763 -137.767
3764 -138.241
3765 -138.935
3766 -139.681
3767 -140.357
3768 -140.904
3769 -141.404
3770 -141.625
3771 -141.342
3772 -140.871
3773 -140.236
3774 -139.327
3775 -138.644
3776 -138.098
3777 -137.622
3778 -137.439
3779 -137.645
3780 -138.006
3781 -138.515
3782 -138.923
3783 -139.430
3784 -139.672
3785 -139.665
3786 -139.477
3787 -139.093
3788 -138.496
3789 -138.027
3790 -137.853
3791 -137.816
3792 -138.095
3793 -138.204
3794 -138.495
3795 -138.764
3796 -138.860
3797 -138.985
3798 -139.064
3799 -138.991
3800 -138.887
3801 -138.753
3802 -138.637
3803 -138.430
3804 -138.359
3805 -138.270
3806 -138.102
3807 -138.039
3808 -138.019
3809 -138.059
3810 -138.215
3811 -138.467
3812 -138.720
3813 -138.975
3814 -139.178
3815 -139.348
3816 -139.515
3817 -139.355
3818 -139.198
3819 -138.794
3820 -138.520
3821 -138.271
3822 -138.299
3823 -138.638
3824 -139.147
3825 -139.752
3826 -140.447
3827 -141.150
3828 -141.513
3829 -141.497
3830 -141.356
3831 -141.101
3832 -140.672
3833 -140.251
3834 -139.869
3835 -139.387
3836 -138.893
3837 -138.405
3838 -137.972
3839 -137.735
3840 -137.830
3841 -138.156
3842 -138.664
3843 -139.407
3844 -140.306
3845 -141.012
3846 -141.528
3847 -141.599
3848 -141.244
3849 -140.498
3850 -139.394
3851 -138.314
3852 -137.341
3853 -136.857
3854 -136.726
3855 -137.007
3856 -137.479
3857 -138.176
3858 -138.822
3859 -139.389
3860 -139.647
3861 -139.715
3862 -139.469
3863 -139.106
3864 -138.592
3865 -137.886
3866 -137.411
3867 -137.052
3868 -136.694
3869 -136.720
3870 -136.692
3871 -136.983
3872 -137.335
3873 -137.555
3874 -137.852
3875 -138.021
3876 -138.065
3877 -137.777
3878 -137.252
3879 -136.655
3880 -136.047
3881 -135.701
3882 -135.382
3883 -135.051
3884 -135.151
3885 -135.315
3886 -135.888
3887 -136.479
3888 -137.076
3889 -137.568
3890 -138.034
3891 -138.216
3892 -138.344
3893 -138.095
3894 -137.904
3895 -137.614
3896 -137.433
3897 -137.436
3898 -137.633
3899 -137.768
3900 -138.071
3901 -138.292
3902 -138.541
3903 -138.611
3904 -138.829
3905 -139.106
3906 -139.385
3907 -139.658
3908 -140.024
3909 -140.420
3910 -140.798
3911 -141.079
3912 -141.398
3913 -141.559
3914 -141.463
3915 -141.169
3916 -140.537
3917 -139.800
3918 -138.815
3919 -138.033
3920 -137.336
3921 -136.659
3922 -136.439
3923 -136.461
3924 -136.747
3925 -137.052
3926 -137.476
3927 -137.901
3928 -138.346
3929 -138.756
3930 -138.926
3931 -138.931
3932 -138.801
3933 -138.348
3934 -137.799
3935 -137.167
3936 -136.683
3937 -136.369
3938 -136.072
3939 -135.901
3940 -135.944
3941 -136.123
3942 -136.395
3943 -136.733
3944 -136.908
3945 -137.255
3946 -137.322
3947 -137.348
3948 -137.281
3949 -137.138
3950 -136.994
3951 -136.908
3952 -137.186
3953 -137.543
3954 -137.745
3955 -138.140
3956 -138.518
3957 -138.627
3958 -138.545
3959 -138.384
3960 -138.123
3961 -137.947
3962 -137.881
3963 -137.969
3964 -138.332
3965 -138.852
3966 -139.320
3967 -139.684
3968 -139.883
3969 -139.935
3970 -139.833
3971 -139.543
3972 -139.165
3973 -138.820
3974 -138.584
3975 -138.578
3976 -138.861
3977 -139.423
3978 -140.085
3979 -140.537
3980 -140.857
3981 -140.895
3982 -140.894
3983 -140.901
3984 -140.792
3985 -140.955
3986 -141.235
3987 -141.478
3988 -141.683
3989 -141.769
3990 -141.631
3991 -141.458
3992 -140.975
3993 -140.292
3994 -139.564
3995 -138.984
3996 -138.497
3997 -138.270
3998 -137.979
3999 -137.932
4000 -138.094
